id = 139
editor = MC
#Feb. 2020

###Experiment

collaboration = HALLA
process = en2engamma
exptype = fixed target
year = 2020
reference =  doi:10.1038/s41567-019-0774-3
inspiretex = Benali:2020vma
reference2 = Table 3


### Scattering Process

frame = Trento

in1particle = e-
in1energyunit = GeV

in2particle = n

out1particle = e-
out2particle = n
out3particle = gamma


### Observable 
y1name = XUU
y1namelong = Beam Helicity Independent Cross Section 
# or Beam spin sum
y1unit = pb/GeV^4
y1value = column4
y1errorstatistic = column5
y1errorsystematicplus = column6
y1errorsystematicminus = column7


### x-axes

x1name = in1energy
x1unit = GeV
x1value = column1

x2name = t
x2unit = GeV^2
x2value = column2

x3name = phi
x3unit = deg
x3value = column3

x4name = xB
x4unit = 1
x4value = 0.36

x5name = Q2
x5unit = GeV^2
x5value = 1.75


### Data

#in1energy	 t	    phi 				XUU 	stat	sysplus	sysminus
#########################################################################
4.45	-0.18		15					95.1959	19.7572	41.6956	43.5123
4.45	-0.18		45					81.504	13.5705	18.6001	17.5813
4.45	-0.18		75					37.4591	6.04899	26.4403	25.862
4.45	-0.18		105					46.6197	7.15621	21.0445	21.2997
4.45	-0.18		135					24.2993	7.26293	20.8952	20.9499
4.45	-0.18		165					19.7802	7.36517	31.8602	31.5374
4.45	-0.18		195					33.6691	8.85288	38.5312	38.1581
4.45	-0.18		225					28.518	7.64516	22.3664	22.2478
4.45	-0.18		255					43.4966	7.34916	22.9036	23.0282
4.45	-0.18		285					57.185	8.10903	41.405	40.5168
4.45	-0.18		315					59.6527	11.7449	17.4793	16.0481
4.45	-0.18		345					77.6039	16.6349	35.7963	36.8318
4.45	-0.25		15					76.1038	19.084	24.4868	17.6779
4.45	-0.25		45					59.2178	9.61466	13.7281	11.8959
4.45	-0.25		75					29.9204	4.3817	8.91831	8.58588
4.45	-0.25		105					25.5005	4.15173	5.24278	5.28131
4.45	-0.25		135					23.2834	4.40583	2.82672	2.25981
4.45	-0.25		165					21.6616	5.03911	4.74815	5.83736
4.45	-0.25		195					17.417	4.03795	3.56239	4.23779
4.45	-0.25		225					16.8865	4.00752	2.73255	2.22869
4.45	-0.25		255					21.6699	4.07949	5.07473	5.02758
4.45	-0.25		285					39.5594	5.11741	11.1025	11.1655
4.45	-0.25		315					50.1708	8.86738	12.1782	10.5784
4.45	-0.25		345					61.2817	15.1354	19.1691	13.6921
4.45	-0.32		15					41.4419	11.9545	8.59576	12.6468
4.45	-0.32		45					47.4992	7.91683	9.28477	10.3216
4.45	-0.32		75					34.9927	5.18727	9.18119	9.24031
4.45	-0.32		105					17.1767	3.5956	3.08339	3.37048
4.45	-0.32		135					13.7172	3.58729	2.93011	2.77524
4.45	-0.32		165					16.0506	3.70057	5.61028	5.23438
4.45	-0.32		195					13.1925	3.4992	4.56939	4.02189
4.45	-0.32		225					22.8442	4.34911	4.80797	4.90278
4.45	-0.32		255					23.0447	4.40571	3.63621	3.85263
4.45	-0.32		285					34.9138	5.00536	9.39325	9.32406
4.45	-0.32		315					47.4808	8.13302	11.3832	12.1992
4.45	-0.32		345					92.6194	18.4906	14.8286	24.0143
4.45	-0.4		15					68.1636	19.0093	9.5191	21.7036
4.45	-0.4		45					31.2501	5.98883	4.34178	5.86889
4.45	-0.4		75					14.2648	3.29185	1.61093	1.83487
4.45	-0.4		105					12.4727	2.80066	0.817896 0.988449
4.45	-0.4		135					9.62566	2.09563	1.08953	1.4741
4.45	-0.4		165					14.6469	2.6047	2.0109	2.11549
4.45	-0.4		195					12.3742	2.55037	2.86675	2.15583
4.45	-0.4		225					10.7854	2.63707	1.22311	0.938545
4.45	-0.4		255					13.4148	2.76369	1.95531	2.38076
4.45	-0.4		285					21.3326	3.90204	1.59028	1.72436
4.45	-0.4		315					48.3065	7.72156	4.90248	7.28611
4.45	-0.4		345					45.5709	15.7992	6.84131	17.1951
5.55	-0.18		15					42.6841	10.2651	21.8691	23.102
5.55	-0.18		45					33.5083	6.86984	12.1661	12.0356
5.55	-0.18		75					24.8989	5.13408	19.4845	19.3147
5.55	-0.18		105					26.5537	6.05554	15.5326	15.6427
5.55	-0.18		135					16.5109	6.05113	8.77417	8.70249
5.55	-0.18		165					5.95474	5.16475	13.3509	13.1047
5.55	-0.18		195					22.1234	7.3888	18.7384	18.5449
5.55	-0.18		225					22.6585	6.92441	10.0108	9.90932
5.55	-0.18		255					26.6215	6.45375	16.616	16.7097
5.55	-0.18		285					20.669	4.86368	14.5959	14.4555
5.55	-0.18		315					24.3668	6.09201	11.6442	11.6229
5.55	-0.18		345					36.4676	9.08082	19.1987	20.0302
5.55	-0.25		15					10.5128	7.62892	11.4528	8.41373
5.55	-0.25		45					14.1758	4.39049	6.12733	4.65952
5.55	-0.25		75					11.2011	2.83251	5.59278	5.57475
5.55	-0.25		105					13.9955	3.27142	3.78099	3.63261
5.55	-0.25		135					7.08483	2.39831	1.3453	1.25663
5.55	-0.25		165					16.7697	4.47227	4.01774	4.50612
5.55	-0.25		195					12.3528	3.24085	2.62001	2.81689
5.55	-0.25		225					16.1324	3.93964	2.57891	2.70352
5.55	-0.25		255					26.0633	4.52548	5.20661	5.3983
5.55	-0.25		285					12.1237	3.01531	5.06473	5.14061
5.55	-0.25		315					21.8353	5.16209	6.96664	5.32868
5.55	-0.25		345					8.57859	5.4634	8.01109	5.85933
5.55	-0.32		15					16.5013	6.63751	6.85547	9.41782
5.55	-0.32		45					18.9886	4.68806	5.13918	6.09174
5.55	-0.32		75					10.884	3.10852	3.97341	4.21786
5.55	-0.32		105					15.9598	3.7011	3.34241	3.64578
5.55	-0.32		135					10.8028	3.59026	2.79919	2.89563
5.55	-0.32		165					17.3868	3.86437	6.18441	6.16879
5.55	-0.32		195					7.9187	2.71484	3.76301	3.21722
5.55	-0.32		225					12.0992	3.34047	3.06748	3.18174
5.55	-0.32		255					9.76586	3.36039	1.93682	2.9007
5.55	-0.32		285					28.3084	4.9247	9.00567	9.30685
5.55	-0.32		315					25.7737	5.52837	6.47727	7.49175
5.55	-0.32		345					25.8477	8.57404	9.07725	12.6618
5.55	-0.4		15					19.6649	8.3403	4.47684	13.586
5.55	-0.4		45					15.4314	4.46866	3.699	6.04069
5.55	-0.4		75					14.3022	2.67224	1.89122	2.02944
5.55	-0.4		105					8.25763	2.73027	1.94935	1.29343
5.55	-0.4		135					2.92917	1.83246	1.3019	0.968604
5.55	-0.4		165					9.34889	2.80849	1.68167	2.20648
5.55	-0.4		195					10.3409	2.66901	2.11352	2.64143
5.55	-0.4		225					8.39732	2.12201	1.18342	1.94406
5.55	-0.4		255					15.5517	3.00584	1.87702	3.29109
5.55	-0.4		285					17.4739	3.13107	2.50145	1.98951
5.55	-0.4		315					16.8339	4.4176	3.27694	4.85456
5.55	-0.4		345					5.64666	5.55106	3.5799	10.8534
