id = 91
editor = KK

### Experiment

collaboration = CLAS
process = ep2epgamma
exptype = fixed target
year = 2015
reference = 1501.07052
reference2 = bin averages from Silvia Niccolai


### Scattering Process

frame = Trento

in1particle = em
in1energy = 5.932
in1energyunit = GeV
in1polarizationvector = L
in1polarization = +1

in2particle = p

out1particle = em
out2particle = p
out3particle = gamma


### Observable 
# A_{LU}


y1name = BSA
y1namelong = Beam Spin Asymmetry
y1unit = 1
y1value = column5
y1errorstatistic = column6 
y1errorsystematic = column7 


### x-axes

x1name = Q2
x1unit = GeV^2
x1value = column1

x2name = xB
x2unit = 1
x2value = column2

x3name = tm
x3unit = GeV^2
x3value = column3

x4name = phi
x4unit = deg
x4value = column4

### Data
#
#  CLAS 2015 BSA
#                               error
# Q2    xB    -t   phi  BSA   stat  syst
#########################################
1.55  0.181  0.13   25  0.37  0.23  0.01
1.55  0.181  0.13   60  0.34  0.11  0.03
1.55  0.181  0.13   92  0.23  0.06  0.01
1.55  0.181  0.13  128  0.13  0.05  0.01
1.55  0.181  0.13  161  0.05  0.05  0.01
1.55  0.181  0.13  198 -0.05  0.05  0.00
1.55  0.181  0.13  235 -0.21  0.06  0.01
1.55  0.181  0.13  266 -0.28  0.06  0.01
1.55  0.181  0.13  305 -0.15  0.10  0.02
1.56  0.182  0.23   97  0.19  0.19  0.06
1.56  0.182  0.23  128  0.17  0.10  0.03
1.56  0.182  0.23  161  0.09  0.08  0.02
1.56  0.182  0.23  199 -0.12  0.07  0.02
1.56  0.182  0.23  233 -0.18  0.09  0.03
1.56  0.182  0.23  263 -0.12  0.17  0.05
1.47  0.176  0.48   96  0.39  0.24  0.09
1.47  0.176  0.48  127  0.18  0.11  0.05
1.47  0.176  0.48  162  0.21  0.07  0.02
1.47  0.176  0.48  196 -0.07  0.08  0.02
1.47  0.176  0.48  234 -0.22  0.12  0.02
1.47  0.176  0.48  261 -0.04  0.21  0.12
1.46  0.176  1.08   20  0.13  0.16  0.07
1.46  0.176  1.08   56  0.01  0.14  0.05
1.46  0.176  1.08   92  0.12  0.15  0.14
1.46  0.176  1.08  128  0.20  0.19  0.05
1.46  0.176  1.08  164 -0.09  0.08  0.01
1.46  0.176  1.08  192  0.06  0.14  0.11
1.46  0.176  1.08  239 -0.22  0.17  0.07
1.46  0.176  1.08  266  0.04  0.10  0.05
1.46  0.176  1.08  306  0.01  0.14  0.09
1.46  0.176  1.08  340 -0.11  0.18  0.12
1.98  0.247  0.14   19  0.03  0.03  0.01
1.98  0.247  0.14   52  0.17  0.03  0.01
1.98  0.247  0.14   89  0.20  0.03  0.01
1.98  0.247  0.14  124  0.16  0.05  0.01
1.98  0.247  0.14  160  0.03  0.06  0.01
1.98  0.247  0.14  199  0.02  0.06  0.01
1.98  0.247  0.14  238 -0.21  0.05  0.02
1.98  0.247  0.14  270 -0.24  0.04  0.01
1.98  0.247  0.14  308 -0.16  0.03  0.01
1.98  0.247  0.14  340 -0.07  0.03  0.00
2.05  0.259  0.23   21  0.05  0.05  0.01
2.05  0.259  0.23   53  0.22  0.04  0.01
2.05  0.259  0.23   91  0.27  0.04  0.01
2.05  0.259  0.23  124  0.06  0.06  0.01
2.05  0.259  0.23  161  0.03  0.06  0.01
2.05  0.259  0.23  199  0.02  0.06  0.01
2.05  0.259  0.23  235 -0.11  0.06  0.01
2.05  0.259  0.23  270 -0.31  0.04  0.01
2.05  0.259  0.23  307 -0.28  0.04  0.02
2.05  0.259  0.23  340 -0.05  0.04  0.01
1.94  0.258  0.46   26  0.22  0.16  0.01
1.94  0.258  0.46   56  0.21  0.06  0.02
1.94  0.258  0.46   90  0.14  0.06  0.01
1.94  0.258  0.46  127  0.08  0.06  0.04
1.94  0.258  0.46  163  0.06  0.04  0.01
1.94  0.258  0.46  197  0.02  0.05  0.01
1.94  0.258  0.46  233 -0.13  0.07  0.02
1.94  0.258  0.46  271 -0.20  0.05  0.03
1.94  0.258  0.46  303 -0.30  0.06  0.03
1.94  0.258  0.46  334 -0.21  0.12  0.03
1.90  0.257  1.19   17 -0.04  0.05  0.02
1.90  0.257  1.19   54  0.10  0.06  0.02
1.90  0.257  1.19   87  0.05  0.07  0.03
1.90  0.257  1.19  128  0.14  0.09  0.03
1.90  0.257  1.19  164  0.03  0.05  0.01
1.90  0.257  1.19  195 -0.03  0.07  0.02
1.90  0.257  1.19  238 -0.05  0.08  0.02
1.90  0.257  1.19  270 -0.02  0.05  0.02
1.90  0.257  1.19  307 -0.07  0.07  0.01
1.90  0.257  1.19  343  0.00  0.04  0.01
2.36  0.255  0.14   20 -0.02  0.04  0.01
2.36  0.255  0.14   53  0.07  0.05  0.02
2.36  0.255  0.14   88  0.17  0.05  0.01
2.36  0.255  0.14  125  0.20  0.08  0.02
2.36  0.255  0.14  162  0.20  0.10  0.03
2.36  0.255  0.14  199 -0.07  0.09  0.04
2.36  0.255  0.14  237 -0.29  0.07  0.02
2.36  0.255  0.14  271 -0.22  0.06  0.02
2.36  0.255  0.14  307 -0.14  0.04  0.01
2.36  0.255  0.14  340 -0.01  0.05  0.02
2.45  0.265  0.23   24  0.03  0.08  0.02
2.45  0.265  0.23   53  0.11  0.05  0.02
2.45  0.265  0.23   90  0.19  0.06  0.02
2.45  0.265  0.23  126  0.16  0.09  0.02
2.45  0.265  0.23  161  0.10  0.10  0.03
2.45  0.265  0.23  199  0.02  0.09  0.02
2.45  0.265  0.23  236 -0.17  0.08  0.02
2.45  0.265  0.23  270 -0.23  0.06  0.03
2.45  0.265  0.23  308 -0.15  0.05  0.02
2.45  0.265  0.23  336 -0.01  0.07  0.01
2.46  0.266  0.44   31 -0.18  0.22  0.09
2.46  0.266  0.44   52  0.17  0.06  0.01
2.46  0.266  0.44   91  0.20  0.07  0.02
2.46  0.266  0.44  122  0.23  0.10  0.03
2.46  0.266  0.44  159 -0.15  0.13  0.04
2.46  0.266  0.44  199 -0.02  0.12  0.04
2.46  0.266  0.44  235 -0.28  0.10  0.03
2.46  0.266  0.44  270 -0.26  0.07  0.02
2.46  0.266  0.44  307 -0.24  0.07  0.03
2.46  0.266  0.44  330 -0.15  0.19  0.07
2.43  0.262  1.14   20 -0.01  0.08  0.02
2.43  0.262  1.14   52  0.14  0.09  0.03
2.43  0.262  1.14   88  0.18  0.20  0.12
2.43  0.262  1.14  273 -0.31  0.17  0.05
2.43  0.262  1.14  308 -0.16  0.10  0.04
2.43  0.262  1.14  340 -0.04  0.07  0.02
2.53  0.319  0.16   19  0.13  0.05  0.02
2.53  0.319  0.16   50  0.25  0.07  0.03
2.53  0.319  0.16   88  0.37  0.14  0.08
2.53  0.319  0.16  240 -0.13  0.22  0.01
2.53  0.319  0.16  273 -0.12  0.15  0.05
2.53  0.319  0.16  309 -0.21  0.07  0.02
2.53  0.319  0.16  342 -0.12  0.06  0.02
2.67  0.337  0.24   19  0.08  0.03  0.00
2.67  0.337  0.24   51  0.20  0.03  0.01
2.67  0.337  0.24   89  0.16  0.05  0.02
2.67  0.337  0.24  122  0.13  0.07  0.01
2.67  0.337  0.24  161  0.14  0.12  0.01
2.67  0.337  0.24  201 -0.07  0.09  0.03
2.67  0.337  0.24  238 -0.20  0.07  0.02
2.67  0.337  0.24  271 -0.26  0.06  0.03
2.67  0.337  0.24  309 -0.26  0.03  0.02
2.67  0.337  0.24  341 -0.04  0.03  0.00
2.67  0.350  0.46   20  0.09  0.03  0.01
2.67  0.350  0.46   51  0.20  0.03  0.01
2.67  0.350  0.46   90  0.15  0.05  0.02
2.67  0.350  0.46  126  0.07  0.05  0.01
2.67  0.350  0.46  162  0.06  0.06  0.01
2.67  0.350  0.46  202 -0.13  0.06  0.02
2.67  0.350  0.46  232 -0.06  0.06  0.01
2.67  0.350  0.46  271 -0.22  0.05  0.02
2.67  0.350  0.46  309 -0.21  0.03  0.01
2.67  0.350  0.46  340 -0.15  0.02  0.01
2.47  0.350  1.19   20  0.02  0.03  0.00
2.47  0.350  1.19   52  0.13  0.04  0.01
2.47  0.350  1.19   87  0.12  0.06  0.02
2.47  0.350  1.19  129  0.08  0.06  0.03
2.47  0.350  1.19  161 -0.00  0.06  0.02
2.47  0.350  1.19  201 -0.00  0.06  0.02
2.47  0.350  1.19  236 -0.01  0.06  0.02
2.47  0.350  1.19  269 -0.04  0.05  0.01
2.47  0.350  1.19  308 -0.11  0.05  0.01
2.47  0.350  1.19  340 -0.02  0.03  0.00
3.15  0.415  0.27   19 -0.24  0.18  0.02
3.15  0.415  0.27   51  0.22  0.21  0.09
3.31  0.442  0.51   17  0.07  0.04  0.01
3.31  0.442  0.51   52  0.21  0.05  0.02
3.31  0.442  0.51   89  0.24  0.07  0.03
3.31  0.442  0.51  124  0.12  0.09  0.05
3.31  0.442  0.51  155 -0.08  0.24  0.08
3.31  0.442  0.51  207 -0.44  0.23  0.06
3.31  0.442  0.51  238 -0.04  0.11  0.05
3.31  0.442  0.51  271 -0.08  0.08  0.02
3.31  0.442  0.51  310 -0.28  0.05  0.02
3.31  0.442  0.51  342 -0.08  0.03  0.01
3.32  0.461  1.16   18  0.06  0.03  0.01
3.32  0.461  1.16   52  0.21  0.05  0.02
3.32  0.461  1.16   89 -0.00  0.07  0.02
3.32  0.461  1.16  126  0.11  0.06  0.01
3.32  0.461  1.16  159  0.07  0.11  0.09
3.32  0.461  1.16  203 -0.10  0.13  0.03
3.32  0.461  1.16  236 -0.06  0.07  0.01
3.32  0.461  1.16  269 -0.02  0.06  0.02
3.32  0.461  1.16  310 -0.31  0.06  0.04
3.32  0.461  1.16  342 -0.07  0.03  0.01
