id = 50
editor = KK

# the y0 data are derived from the phi measurement
# of HALL A data from the experiment (BSD-HALLA-06)


### Experiment

collaboration = HALLA
process = ep2epgamma
exptype = fixed target
year = 2006
reference =  nucl-ex/0607029
reference2 = DFT analysis with MC error propagation by KK


### Scattering Process

frame = BMK

in1particle = em
in1energy = 5.75
in1energyunit = GeV
in1polarizationvector = L
in1polarization = +1

in2particle = p

out1particle = e
out2particle = p
out3particle = gamma


### Observable 

y0name = BSDw
y0long = Weighted beam spin difference
y0unit = nb/GeV^4
y0value = column3
y0errorstatistic = column4
y0errorsystematic = column5


### x-axes

x0name = xB
x0unit = 1
x0value = 0.36

x1name = Q2
x1unit = GeV^2
x1value = column0

x2name = t
x2unit = GeV^2
x2value = column1

x3name = FTn
x3unit = 1
x3value = column2


### Data

# Q2    t     Ftn      BSDw     stat       syst (5.95%)
##############################################################
1.5   -0.33    0   -0.000205   0.001381   0.000012
1.5   -0.33   -1    0.013471   0.001670   0.000801
1.5   -0.33    1   -0.000130   0.001956   0.000008
1.5   -0.33   -2    0.003007   0.001759   0.000179
1.5   -0.33    2    0.001691   0.002124   0.000101
1.5   -0.33   -3    0.000176   0.001994   0.000010
1.5   -0.33    3    0.001143   0.002027   0.000068
1.5   -0.33   -4    0.001056   0.002200   0.000063
1.5   -0.33    4   -0.001272   0.001911   0.000076
1.5   -0.33   -5    0.001817   0.001951   0.000108
1.5   -0.33    5   -0.000321   0.001957   0.000019
1.5   -0.33   -6    0.002972   0.001985   0.000177
1.5   -0.33    6    0.002622   0.001828   0.000156
1.5   -0.33   -7    0.003799   0.001873   0.000226
1.5   -0.33    7    0.000052   0.001835   0.000003
1.5   -0.33   -8    0.004973   0.001577   0.000296
1.5   -0.33    8   -0.000513   0.001991   0.000031
1.5   -0.33   -9    0.002643   0.001757   0.000157
1.5   -0.33    9   -0.000795   0.001882   0.000047
1.5   -0.33   -10    0.001508   0.001852   0.000090
1.5   -0.33    10    0.001419   0.001854   0.000084
1.5   -0.33   -11    0.002419   0.001969   0.000144
1.5   -0.33    11    0.001566   0.001735   0.000093
1.5   -0.33   -12    0.002979   0.001291   0.000177
1.5   -0.28    0   -0.001519   0.001185   0.000090
1.5   -0.28   -1    0.014835   0.001622   0.000882
1.5   -0.28    1   -0.001385   0.001822   0.000082
1.5   -0.28   -2    0.002578   0.001741   0.000153
1.5   -0.28    2    0.000919   0.001526   0.000055
1.5   -0.28   -3   -0.000396   0.001706   0.000024
1.5   -0.28    3    0.000992   0.001648   0.000059
1.5   -0.28   -4   -0.000592   0.001683   0.000035
1.5   -0.28    4   -0.000701   0.001832   0.000042
1.5   -0.28   -5   -0.001548   0.001662   0.000092
1.5   -0.28    5   -0.004055   0.001707   0.000241
1.5   -0.28   -6   -0.000473   0.001573   0.000028
1.5   -0.28    6   -0.002817   0.001754   0.000168
1.5   -0.28   -7   -0.001605   0.001637   0.000095
1.5   -0.28    7   -0.002351   0.001691   0.000140
1.5   -0.28   -8    0.001145   0.001661   0.000068
1.5   -0.28    8   -0.000450   0.001660   0.000027
1.5   -0.28   -9   -0.000164   0.001687   0.000010
1.5   -0.28    9   -0.001345   0.001710   0.000080
1.5   -0.28   -10   -0.001695   0.001670   0.000101
1.5   -0.28    10    0.000065   0.001755   0.000004
1.5   -0.28   -11   -0.000552   0.001699   0.000033
1.5   -0.28    11    0.002297   0.001646   0.000137
1.5   -0.28   -12   -0.000176   0.001113   0.000010
1.5   -0.23    0    0.000012   0.000941   0.000001
1.5   -0.23   -1    0.014092   0.001486   0.000838
1.5   -0.23    1   -0.000104   0.001482   0.000006
1.5   -0.23   -2   -0.000628   0.001408   0.000037
1.5   -0.23    2   -0.001080   0.001469   0.000064
1.5   -0.23   -3   -0.003558   0.001442   0.000212
1.5   -0.23    3   -0.001538   0.001313   0.000091
1.5   -0.23   -4   -0.002960   0.001414   0.000176
1.5   -0.23    4    0.000061   0.001310   0.000004
1.5   -0.23   -5   -0.002533   0.001400   0.000151
1.5   -0.23    5    0.000453   0.001223   0.000027
1.5   -0.23   -6    0.000310   0.001279   0.000018
1.5   -0.23    6    0.000001   0.001302   0.000000
1.5   -0.23   -7    0.000509   0.001624   0.000030
1.5   -0.23    7   -0.002126   0.001415   0.000126
1.5   -0.23   -8    0.000012   0.001359   0.000001
1.5   -0.23    8   -0.000342   0.001259   0.000020
1.5   -0.23   -9   -0.000717   0.001450   0.000043
1.5   -0.23    9   -0.000143   0.001410   0.000009
1.5   -0.23   -10   -0.000707   0.001511   0.000042
1.5   -0.23    10   -0.000017   0.001586   0.000001
1.5   -0.23   -11    0.000960   0.001344   0.000057
1.5   -0.23    11    0.000463   0.001322   0.000028
1.5   -0.23   -12    0.000381   0.001053   0.000023
1.5   -0.17    0   -0.000293   0.000740   0.000017
1.5   -0.17   -1    0.016930   0.001030   0.001007
1.5   -0.17    1    0.000498   0.001099   0.000030
1.5   -0.17   -2    0.000077   0.001072   0.000005
1.5   -0.17    2    0.000117   0.001001   0.000007
1.5   -0.17   -3   -0.001913   0.000934   0.000114
1.5   -0.17    3   -0.000629   0.001016   0.000037
1.5   -0.17   -4   -0.000367   0.001042   0.000022
1.5   -0.17    4   -0.000737   0.000936   0.000044
1.5   -0.17   -5   -0.000623   0.000962   0.000037
1.5   -0.17    5   -0.000228   0.000953   0.000014
1.5   -0.17   -6   -0.000403   0.001010   0.000024
1.5   -0.17    6   -0.000108   0.001090   0.000006
1.5   -0.17   -7    0.000284   0.001050   0.000017
1.5   -0.17    7   -0.002003   0.000930   0.000119
1.5   -0.17   -8   -0.000757   0.001092   0.000045
1.5   -0.17    8   -0.000848   0.000952   0.000050
1.5   -0.17   -9    0.000308   0.001036   0.000018
1.5   -0.17    9    0.000050   0.001094   0.000003
1.5   -0.17   -10    0.000884   0.001005   0.000053
1.5   -0.17    10   -0.000646   0.001017   0.000038
1.5   -0.17   -11    0.001213   0.001071   0.000072
1.5   -0.17    11   -0.000824   0.000911   0.000049
1.5   -0.17   -12    0.000051   0.000706   0.000003
1.9   -0.33    0    0.000844   0.000591   0.000050
1.9   -0.33   -1    0.010496   0.000953   0.000624
1.9   -0.33    1    0.000516   0.000922   0.000031
1.9   -0.33   -2    0.000193   0.000970   0.000011
1.9   -0.33    2   -0.000571   0.000857   0.000034
1.9   -0.33   -3   -0.000703   0.000936   0.000042
1.9   -0.33    3   -0.000557   0.000764   0.000033
1.9   -0.33   -4   -0.000677   0.000775   0.000040
1.9   -0.33    4    0.000034   0.000806   0.000002
1.9   -0.33   -5   -0.001936   0.000893   0.000115
1.9   -0.33    5   -0.001001   0.000882   0.000060
1.9   -0.33   -6   -0.000701   0.000822   0.000042
1.9   -0.33    6   -0.000376   0.000842   0.000022
1.9   -0.33   -7    0.000407   0.000926   0.000024
1.9   -0.33    7    0.000120   0.000790   0.000007
1.9   -0.33   -8    0.000737   0.000814   0.000044
1.9   -0.33    8   -0.000234   0.000836   0.000014
1.9   -0.33   -9    0.000699   0.000759   0.000042
1.9   -0.33    9    0.001160   0.000821   0.000069
1.9   -0.33   -10   -0.000598   0.000914   0.000036
1.9   -0.33    10   -0.000599   0.000818   0.000036
1.9   -0.33   -11    0.000295   0.000871   0.000018
1.9   -0.33    11   -0.000794   0.000890   0.000047
1.9   -0.33   -12    0.000175   0.000638   0.000010
1.9   -0.28    0   -0.000290   0.000704   0.000017
1.9   -0.28   -1    0.013570   0.001071   0.000807
1.9   -0.28    1    0.000449   0.000893   0.000027
1.9   -0.28   -2    0.003529   0.000960   0.000210
1.9   -0.28    2   -0.000032   0.000921   0.000002
1.9   -0.28   -3    0.001799   0.000928   0.000107
1.9   -0.28    3   -0.001186   0.000964   0.000071
1.9   -0.28   -4    0.000623   0.000900   0.000037
1.9   -0.28    4   -0.001109   0.000955   0.000066
1.9   -0.28   -5    0.000600   0.000868   0.000036
1.9   -0.28    5   -0.001259   0.000953   0.000075
1.9   -0.28   -6    0.000441   0.000825   0.000026
1.9   -0.28    6   -0.000895   0.000941   0.000053
1.9   -0.28   -7    0.000857   0.000974   0.000051
1.9   -0.28    7   -0.000393   0.000941   0.000023
1.9   -0.28   -8    0.000904   0.000884   0.000054
1.9   -0.28    8   -0.000490   0.000987   0.000029
1.9   -0.28   -9   -0.000133   0.000904   0.000008
1.9   -0.28    9   -0.001521   0.000879   0.000090
1.9   -0.28   -10   -0.000333   0.000949   0.000020
1.9   -0.28    10   -0.000776   0.000849   0.000046
1.9   -0.28   -11   -0.000713   0.000956   0.000042
1.9   -0.28    11    0.000434   0.000973   0.000026
1.9   -0.28   -12    0.000768   0.000689   0.000046
1.9   -0.23    0    0.000553   0.000721   0.000033
1.9   -0.23   -1    0.015127   0.000901   0.000900
1.9   -0.23    1    0.001402   0.000958   0.000083
1.9   -0.23   -2   -0.000834   0.000871   0.000050
1.9   -0.23    2    0.001138   0.000974   0.000068
1.9   -0.23   -3   -0.001018   0.000828   0.000061
1.9   -0.23    3   -0.000158   0.000899   0.000009
1.9   -0.23   -4   -0.000439   0.000973   0.000026
1.9   -0.23    4   -0.000411   0.000901   0.000024
1.9   -0.23   -5   -0.000872   0.001008   0.000052
1.9   -0.23    5   -0.001139   0.000842   0.000068
1.9   -0.23   -6   -0.001108   0.000941   0.000066
1.9   -0.23    6   -0.000287   0.000862   0.000017
1.9   -0.23   -7   -0.001018   0.000897   0.000061
1.9   -0.23    7   -0.001545   0.000915   0.000092
1.9   -0.23   -8   -0.001068   0.000838   0.000063
1.9   -0.23    8   -0.000106   0.000835   0.000006
1.9   -0.23   -9   -0.000589   0.000894   0.000035
1.9   -0.23    9   -0.000949   0.000862   0.000056
1.9   -0.23   -10   -0.000277   0.000889   0.000016
1.9   -0.23    10   -0.000989   0.000922   0.000059
1.9   -0.23   -11    0.000550   0.000809   0.000033
1.9   -0.23    11   -0.000106   0.000798   0.000006
1.9   -0.23   -12    0.000227   0.000622   0.000014
1.9   -0.17    0    0.000310   0.000515   0.000018
1.9   -0.17   -1    0.012718   0.000652   0.000756
1.9   -0.17    1    0.000612   0.000647   0.000036
1.9   -0.17   -2    0.000484   0.000618   0.000029
1.9   -0.17    2    0.000119   0.000759   0.000007
1.9   -0.17   -3   -0.001024   0.000658   0.000061
1.9   -0.17    3    0.000240   0.000707   0.000014
1.9   -0.17   -4    0.000919   0.000682   0.000055
1.9   -0.17    4    0.000523   0.000682   0.000031
1.9   -0.17   -5    0.000712   0.000676   0.000042
1.9   -0.17    5   -0.000694   0.000617   0.000041
1.9   -0.17   -6    0.000464   0.000690   0.000028
1.9   -0.17    6   -0.000348   0.000667   0.000021
1.9   -0.17   -7   -0.000395   0.000727   0.000024
1.9   -0.17    7    0.000820   0.000648   0.000049
1.9   -0.17   -8    0.000626   0.000718   0.000037
1.9   -0.17    8   -0.000390   0.000709   0.000023
1.9   -0.17   -9    0.000360   0.000647   0.000021
1.9   -0.17    9   -0.000523   0.000676   0.000031
1.9   -0.17   -10    0.000762   0.000682   0.000045
1.9   -0.17    10   -0.000952   0.000691   0.000057
1.9   -0.17   -11   -0.000210   0.000646   0.000012
1.9   -0.17    11   -0.000051   0.000641   0.000003
1.9   -0.17   -12   -0.000164   0.000474   0.000010
2.3   -0.33    0    0.000302   0.000635   0.000018
2.3   -0.33   -1    0.010694   0.000884   0.000636
2.3   -0.33    1    0.000922   0.000932   0.000055
2.3   -0.33   -2    0.003469   0.000901   0.000206
2.3   -0.33    2    0.000131   0.000909   0.000008
2.3   -0.33   -3    0.001008   0.000965   0.000060
2.3   -0.33    3   -0.001016   0.000954   0.000060
2.3   -0.33   -4    0.002513   0.000987   0.000149
2.3   -0.33    4    0.000225   0.000952   0.000013
2.3   -0.33   -5    0.001880   0.000909   0.000112
2.3   -0.33    5    0.000840   0.000941   0.000050
2.3   -0.33   -6   -0.000607   0.000928   0.000036
2.3   -0.33    6    0.000879   0.000825   0.000052
2.3   -0.33   -7   -0.001315   0.000972   0.000078
2.3   -0.33    7   -0.000675   0.000880   0.000040
2.3   -0.33   -8    0.000238   0.000956   0.000014
2.3   -0.33    8   -0.000964   0.000900   0.000057
2.3   -0.33   -9    0.001501   0.000948   0.000089
2.3   -0.33    9    0.000244   0.000959   0.000015
2.3   -0.33   -10    0.000298   0.000915   0.000018
2.3   -0.33    10   -0.000140   0.000819   0.000008
2.3   -0.33   -11   -0.000984   0.000979   0.000059
2.3   -0.33    11   -0.000736   0.000791   0.000044
2.3   -0.33   -12   -0.000724   0.000660   0.000043
2.3   -0.28    0    0.000453   0.000618   0.000027
2.3   -0.28   -1    0.012950   0.000838   0.000770
2.3   -0.28    1   -0.000105   0.000932   0.000006
2.3   -0.28   -2    0.000488   0.000868   0.000029
2.3   -0.28    2   -0.000000   0.000817   0.000000
2.3   -0.28   -3    0.000074   0.000919   0.000004
2.3   -0.28    3   -0.000008   0.000926   0.000000
2.3   -0.28   -4    0.000754   0.000900   0.000045
2.3   -0.28    4    0.000219   0.000928   0.000013
2.3   -0.28   -5    0.000788   0.000877   0.000047
2.3   -0.28    5   -0.000143   0.000912   0.000009
2.3   -0.28   -6   -0.000092   0.000857   0.000005
2.3   -0.28    6    0.000571   0.000974   0.000034
2.3   -0.28   -7   -0.000446   0.000867   0.000026
2.3   -0.28    7   -0.000074   0.000872   0.000004
2.3   -0.28   -8   -0.001238   0.000852   0.000074
2.3   -0.28    8   -0.001211   0.000930   0.000072
2.3   -0.28   -9   -0.000746   0.000891   0.000044
2.3   -0.28    9   -0.000811   0.000922   0.000048
2.3   -0.28   -10   -0.000178   0.000890   0.000011
2.3   -0.28    10    0.000904   0.000900   0.000054
2.3   -0.28   -11    0.000127   0.000956   0.000008
2.3   -0.28    11   -0.000139   0.000814   0.000008
2.3   -0.28   -12   -0.000320   0.000657   0.000019
2.3   -0.23    0    0.000407   0.000636   0.000024
2.3   -0.23   -1    0.013942   0.000945   0.000829
2.3   -0.23    1    0.000397   0.000857   0.000024
2.3   -0.23   -2   -0.000036   0.000989   0.000002
2.3   -0.23    2    0.000863   0.000903   0.000051
2.3   -0.23   -3    0.000089   0.001013   0.000005
2.3   -0.23    3   -0.001698   0.001005   0.000101
2.3   -0.23   -4   -0.000584   0.000913   0.000035
2.3   -0.23    4   -0.000075   0.000864   0.000004
2.3   -0.23   -5   -0.000700   0.000985   0.000042
2.3   -0.23    5    0.000169   0.000924   0.000010
2.3   -0.23   -6   -0.000541   0.000983   0.000032
2.3   -0.23    6    0.000322   0.000873   0.000019
2.3   -0.23   -7   -0.000553   0.000925   0.000033
2.3   -0.23    7   -0.000515   0.000994   0.000031
2.3   -0.23   -8   -0.000777   0.000942   0.000046
2.3   -0.23    8   -0.001522   0.000946   0.000091
2.3   -0.23   -9   -0.000927   0.001014   0.000055
2.3   -0.23    9    0.001204   0.000904   0.000072
2.3   -0.23   -10   -0.000424   0.000916   0.000025
2.3   -0.23    10   -0.000915   0.000953   0.000054
2.3   -0.23   -11    0.001159   0.000878   0.000069
2.3   -0.23    11   -0.001561   0.000959   0.000093
2.3   -0.23   -12    0.000338   0.000658   0.000020
2.3   -0.17    0   -0.000182   0.000481   0.000011
2.3   -0.17   -1    0.010319   0.000735   0.000614
2.3   -0.17    1   -0.000551   0.000705   0.000033
2.3   -0.17   -2    0.000362   0.000783   0.000022
2.3   -0.17    2   -0.000011   0.000756   0.000001
2.3   -0.17   -3   -0.000780   0.000714   0.000046
2.3   -0.17    3   -0.000252   0.000708   0.000015
2.3   -0.17   -4   -0.000427   0.000795   0.000025
2.3   -0.17    4    0.000584   0.000751   0.000035
2.3   -0.17   -5   -0.001536   0.000710   0.000091
2.3   -0.17    5   -0.000438   0.000723   0.000026
2.3   -0.17   -6    0.000124   0.000759   0.000007
2.3   -0.17    6    0.001661   0.000683   0.000099
2.3   -0.17   -7    0.000182   0.000729   0.000011
2.3   -0.17    7    0.000150   0.000756   0.000009
2.3   -0.17   -8    0.000064   0.000738   0.000004
2.3   -0.17    8   -0.001198   0.000704   0.000071
2.3   -0.17   -9    0.000048   0.000696   0.000003
2.3   -0.17    9   -0.000366   0.000662   0.000022
2.3   -0.17   -10   -0.000024   0.000645   0.000001
2.3   -0.17    10    0.001101   0.000710   0.000065
2.3   -0.17   -11    0.000803   0.000724   0.000048
2.3   -0.17    11    0.000905   0.000714   0.000054
2.3   -0.17   -12   -0.000148   0.000524   0.000009
