id = 84
editor = KK



### Experiment

collaboration = CLAS
process = ep2epgamma
exptype = fixed target
year = 2014
reference =  private communication
reference2 = from Silvia Niccolai


### Scattering Process

frame = Trento

in1particle = em
in1energy = 5.932
in1energyunit = GeV
in1polarizationvector = L
in1polarization = +1

in2particle = p
in2polarizationvector = L
in2polarization = +1

out1particle = em
out2particle = p
out3particle = gamma


### Observable 
# A_{LL}


y1name = BTSA
y1namelong = Double Spin Asymmetry
y1unit = 1
y1value = column5
y1error = column6 
# only statistical error is given to us



### x-axes

x1name = xB
x1unit = 1
x1value = column2

x2name = Q2
x2unit = GeV^2
x2value = column1

x3name = tm
x3unit = GeV^2
x3value = column3

x4name = phi
x4unit = deg
x4value = column4

### Data
#
#  CLAS 2014 BTSA (DSA)
#
# Q2        xB       -t       phi    BTSA      stat_err_BTSA
###########################################################
 1.9011   0.2573   1.1946   19.2325   0.4850   0.0612
 1.9011   0.2573   1.1946   52.1529   0.3356   0.0823
 1.9011   0.2573   1.1946   89.1628   0.3326   0.0937
 1.9011   0.2573   1.1946   125.9660   0.2588   0.1307
 1.9011   0.2573   1.1946   161.8830   0.3994   0.0645
 1.9011   0.2573   1.1946   198.8630   0.3434   0.0906
 1.9011   0.2573   1.1946   235.8380   0.3444   0.1160
 1.9011   0.2573   1.1946   269.8610   0.2071   0.0749
 1.9011   0.2573   1.1946   308.0970   0.5581   0.0887
 1.9011   0.2573   1.1946   340.6940   0.3556   0.0576
 3.3173   0.4614   1.1590   19.2325   0.5139   0.0416
 3.3173   0.4614   1.1590   52.1529   0.6008   0.0711
 3.3173   0.4614   1.1590   89.1628   0.5536   0.0955
 3.3173   0.4614   1.1590   125.9660   0.5554   0.0761
 3.3173   0.4614   1.1590   161.8830   0.4294   0.1502
 3.3173   0.4614   1.1590   198.8630   0.7806   0.1582
 3.3173   0.4614   1.1590   235.8380   0.4649   0.0899
 3.3173   0.4614   1.1590   269.8610   0.5596   0.0776
 3.3173   0.4614   1.1590   308.0970   0.7674   0.0821
 3.3173   0.4614   1.1590   340.6940   0.5102   0.0369
 2.5289   0.3187   0.1578   19.2325   0.7281   0.0726
 2.5289   0.3187   0.1578   52.1529   0.5977   0.0972
 2.5289   0.3187   0.1578   89.1628   0.7360   0.1902
 2.5289   0.3187   0.1578   235.8380   0.5477   0.2865
 2.5289   0.3187   0.1578   269.8610   0.9269   0.1854
 2.5289   0.3187   0.1578   308.0970   0.7674   0.0873
 2.5289   0.3187   0.1578   340.6940   0.7049   0.0789
 1.5642   0.1823   0.2302   89.1628  -0.0530   0.2615
 1.5642   0.1823   0.2302   125.9660   0.5443   0.1365
 1.5642   0.1823   0.2302   161.8830   0.6435   0.1025
 1.5642   0.1823   0.2302   198.8630   0.6034   0.0982
 1.5642   0.1823   0.2302   235.8380   0.3836   0.1296
 1.5642   0.1823   0.2302   269.8610   0.7550   0.2100
 2.6655   0.3496   0.4558   19.2325   0.5916   0.0354
 2.6655   0.3496   0.4558   52.1529   0.6577   0.0382
 2.6655   0.3496   0.4558   89.1628   0.6798   0.0633
 2.6655   0.3496   0.4558   125.9660   0.5300   0.0623
 2.6655   0.3496   0.4558   161.8830   0.6755   0.0761
 2.6655   0.3496   0.4558   198.8630   0.5376   0.0752
 2.6655   0.3496   0.4558   235.8380   0.3859   0.0851
 2.6655   0.3496   0.4558   269.8610   0.6226   0.0642
 2.6655   0.3496   0.4558   308.0970   0.6406   0.0405
 2.6655   0.3496   0.4558   340.6940   0.5908   0.0331
 3.3141   0.4423   0.5068   19.2325   0.8193   0.0451
 3.3141   0.4423   0.5068   52.1529   0.7710   0.0619
 3.3141   0.4423   0.5068   89.1628   0.7667   0.0991
 3.3141   0.4423   0.5068   125.9660   0.6414   0.1151
 3.3141   0.4423   0.5068   161.8830   0.4367   0.3054
 3.3141   0.4423   0.5068   198.8630   0.5036   0.3119
 3.3141   0.4423   0.5068   235.8380   0.7534   0.1374
 3.3141   0.4423   0.5068   269.8610   0.8211   0.1079
 3.3141   0.4423   0.5068   308.0970   0.6819   0.0650
 3.3141   0.4423   0.5068   340.6940   0.7721   0.0446
 1.9791   0.2473   0.1358   19.2325   0.6012   0.0351
 1.9791   0.2473   0.1358   52.1529   0.6048   0.0396
 1.9791   0.2473   0.1358   89.1628   0.5665   0.0461
 1.9791   0.2473   0.1358   125.9660   0.6311   0.0676
 1.9791   0.2473   0.1358   161.8830   0.6485   0.0781
 1.9791   0.2473   0.1358   198.8630   0.5854   0.0815
 1.9791   0.2473   0.1358   235.8380   0.5035   0.0664
 1.9791   0.2473   0.1358   269.8610   0.6331   0.0491
 1.9791   0.2473   0.1358   308.0970   0.5645   0.0379
 1.9791   0.2473   0.1358   340.6940   0.5464   0.0399
 1.4702   0.1764   0.4756   89.1628   0.8083   0.3232
 1.4702   0.1764   0.4756   125.9660   0.3366   0.1591
 1.4702   0.1764   0.4756   161.8830   0.5016   0.0942
 1.4702   0.1764   0.4756   198.8630   0.5406   0.1099
 1.4702   0.1764   0.4756   235.8380   0.3561   0.1638
 1.4702   0.1764   0.4756   269.8610  -0.0196   0.2893
 2.6702   0.3372   0.2401   19.2325   0.7183   0.0380
 2.6702   0.3372   0.2401   52.1529   0.6946   0.0464
 2.6702   0.3372   0.2401   89.1628   0.6893   0.0719
 2.6702   0.3372   0.2401   125.9660   0.7177   0.0876
 2.6702   0.3372   0.2401   161.8830   0.5880   0.1537
 2.6702   0.3372   0.2401   198.8630   0.7535   0.1212
 2.6702   0.3372   0.2401   235.8380   0.7146   0.0939
 2.6702   0.3372   0.2401   269.8610   0.6838   0.0746
 2.6702   0.3372   0.2401   308.0970   0.7303   0.0460
 2.6702   0.3372   0.2401   340.6940   0.5954   0.0381
 2.4302   0.2624   1.1415   19.2325   0.3012   0.1090
 2.4302   0.2624   1.1415   52.1529   0.5955   0.1228
 2.4302   0.2624   1.1415   89.1628   0.6494   0.2577
 2.4302   0.2624   1.1415   269.8610   0.4865   0.2260
 2.4302   0.2624   1.1415   308.0970   0.4491   0.1314
 2.4302   0.2624   1.1415   340.6940   0.4451   0.1009
 1.4603   0.1756   1.0816   19.2325   0.3648   0.2260
 1.4603   0.1756   1.0816   52.1529   0.4988   0.1993
 1.4603   0.1756   1.0816   89.1628   0.0795   0.2147
 1.4603   0.1756   1.0816   125.9660   0.4441   0.2712
 1.4603   0.1756   1.0816   161.8830   0.1152   0.1067
 1.4603   0.1756   1.0816   198.8630   0.4063   0.1916
 1.4603   0.1756   1.0816   235.8380   0.2399   0.2294
 1.4603   0.1756   1.0816   269.8610   0.2970   0.1407
 1.4603   0.1756   1.0816   308.0970   0.5112   0.2002
 1.4603   0.1756   1.0816   340.6940   0.3630   0.2417
 2.4683   0.3500   1.1916   19.2325   0.3590   0.0429
 2.4683   0.3500   1.1916   52.1529   0.3915   0.0558
 2.4683   0.3500   1.1916   89.1628   0.3612   0.0808
 2.4683   0.3500   1.1916   125.9660   0.2990   0.0815
 2.4683   0.3500   1.1916   161.8830   0.5201   0.0828
 2.4683   0.3500   1.1916   198.8630   0.5195   0.0824
 2.4683   0.3500   1.1916   235.8380   0.3986   0.0881
 2.4683   0.3500   1.1916   269.8610   0.3001   0.0630
 2.4683   0.3500   1.1916   308.0970   0.4775   0.0629
 2.4683   0.3500   1.1916   340.6940   0.4276   0.0375
 2.3622   0.2545   0.1378   19.2325   0.7588   0.0574
 2.3622   0.2545   0.1378   52.1529   0.6186   0.0601
 2.3622   0.2545   0.1378   89.1628   0.7630   0.0693
 2.3622   0.2545   0.1378   125.9660   0.6083   0.1071
 2.3622   0.2545   0.1378   161.8830   0.8078   0.1279
 2.3622   0.2545   0.1378   198.8630   0.8091   0.1076
 2.3622   0.2545   0.1378   235.8380   0.8448   0.0894
 2.3622   0.2545   0.1378   269.8610   0.7479   0.0751
 2.3622   0.2545   0.1378   308.0970   0.5594   0.0572
 2.3622   0.2545   0.1378   340.6940   0.6719   0.0664
 3.1513   0.4152   0.2714   19.2325   0.8985   0.2069
 3.1513   0.4152   0.2714   52.1529   0.2983   0.2854
          
 2.4475   0.2648   0.2286   19.2325   0.5457   0.1022
 2.4475   0.2648   0.2286   52.1529   0.6827   0.0657
 2.4475   0.2648   0.2286   89.1628   0.5819   0.0854
 2.4475   0.2648   0.2286   125.9660   0.5476   0.1206
 2.4475   0.2648   0.2286   161.8830   0.3936   0.1417
 2.4475   0.2648   0.2286   198.8630   0.6991   0.1149
 2.4475   0.2648   0.2286   235.8380   0.6329   0.1072
 2.4475   0.2648   0.2286   269.8610   0.6146   0.0863
 2.4475   0.2648   0.2286   308.0970   0.5900   0.0666
 2.4475   0.2648   0.2286   340.6940   0.4932   0.0979
 2.0477   0.2585   0.2278   19.2325   0.5800   0.0622
 2.0477   0.2585   0.2278   52.1529   0.5596   0.0574
 2.0477   0.2585   0.2278   89.1628   0.4873   0.0618
 2.0477   0.2585   0.2278   125.9660   0.6586   0.0745
 2.0477   0.2585   0.2278   161.8830   0.5500   0.0809
 2.0477   0.2585   0.2278   198.8630   0.6966   0.0810
 2.0477   0.2585   0.2278   235.8380   0.6176   0.0771
 2.0477   0.2585   0.2278   269.8610   0.5338   0.0604
 2.0477   0.2585   0.2278   308.0970   0.5663   0.0587
 2.0477   0.2585   0.2278   340.6940   0.5061   0.0600
 1.9433   0.2579   0.4573   19.2325   0.6602   0.2243
 1.9433   0.2579   0.4573   52.1529   0.4263   0.0893
 1.9433   0.2579   0.4573   89.1628   0.5526   0.0763
 1.9433   0.2579   0.4573   125.9660   0.5074   0.0869
 1.9433   0.2579   0.4573   161.8830   0.4533   0.0594
 1.9433   0.2579   0.4573   198.8630   0.4820   0.0701
 1.9433   0.2579   0.4573   235.8380   0.4410   0.0990
 1.9433   0.2579   0.4573   269.8610   0.4984   0.0668
 1.9433   0.2579   0.4573   308.0970   0.4094   0.0867
 1.9433   0.2579   0.4573   340.6940   0.3422   0.1612
 1.5535   0.1811   0.1287   19.2325   0.5816   0.3258
 1.5535   0.1811   0.1287   52.1529   0.3451   0.1613
 1.5535   0.1811   0.1287   89.1628   0.5766   0.0827
 1.5535   0.1811   0.1287   125.9660   0.5583   0.0716
 1.5535   0.1811   0.1287   161.8830   0.4576   0.0701
 1.5535   0.1811   0.1287   198.8630   0.5068   0.0670
 1.5535   0.1811   0.1287   235.8380   0.5136   0.0753
 1.5535   0.1811   0.1287   269.8610   0.4362   0.0883
 1.5535   0.1811   0.1287   308.0970   0.4628   0.1355
 2.4579   0.2655   0.4431   19.2325   0.0107   0.3106
 2.4579   0.2655   0.4431   52.1529   0.5387   0.0803
 2.4579   0.2655   0.4431   89.1628   0.5888   0.0947
 2.4579   0.2655   0.4431   125.9660   0.6889   0.1310
 2.4579   0.2655   0.4431   161.8830   0.5910   0.1803
 2.4579   0.2655   0.4431   198.8630   0.5932   0.1601
 2.4579   0.2655   0.4431   235.8380   0.7056   0.1265
 2.4579   0.2655   0.4431   269.8610   0.5976   0.0988
 2.4579   0.2655   0.4431   308.0970   0.4325   0.0894
 2.4579   0.2655   0.4431   340.6940   0.5888   0.2721
