id = 6
editor = KK
editor1 = DM
# Feb. 2010
# modified naming scheme


### Experiment

collaboration = CLAS
process = ep2epgamma
exptype = fixed target
year = 2007
reference =  arXiv:0711.4805
inspiretex = Girod:2007aa
reference2 = private table


### Scattering Process

frame = Trento

in1particle = em
in1energy = 5.77
in1energyunit = GeV
in1polarizationvector = L
in1polarization = +1

in2particle = p

out1particle = em
out2particle = p
out3particle = gamma


### Observable 
# A_{LU}


y1name = ALU
y1namelong = Beam Spin Asymmetry
y1unit = 1
y1value = column5
y1error = column6 
# only statistical error is knonw, 
# according to private communication (DM) the systematic one can be neglected



### x-axes

x1name = xB
x1unit = 1
x1value = column1

x2name = Q2
x2unit = GeV^2
x2value = column2

x3name = tm
x3unit = GeV^2
x3value = column3

x4name = phi
x4unit = deg
x4value = column4

### Data
#
#  CLAS 2007 ALU
#
# xB     Q2     -t     phi     ALU     stat
############################################
0.1342 1.1661 0.1337 20.0258 -0.0429 0.1578
0.1342 1.1661 0.1337 50.4962 0.1739 0.0424
0.1342 1.1661 0.1337 76.6291 0.1724 0.0225
0.1342 1.1661 0.1337 102.9137 0.2083 0.0246
0.1342 1.1661 0.1337 135.7442 0.1274 0.0271
0.1342 1.1661 0.1337 163.2772 0.0684 0.0294
0.1342 1.1661 0.1337 196.4509 -0.0414 0.0281
0.1342 1.1661 0.1337 223.9969 -0.1489 0.0283
0.1342 1.1661 0.1337 255.9132 -0.1987 0.0228
0.1342 1.1661 0.1337 283.7285 -0.2020 0.0241
0.1342 1.1661 0.1337 310.1235 -0.2089 0.0419
0.1342 1.1661 0.1337 337.9827 0.1025 0.1997
0.1763 1.3651 0.1346 17.3932 0.1082 0.0227
0.1763 1.3651 0.1346 43.4416 0.1601 0.0195
0.1763 1.3651 0.1346 75.3442 0.2806 0.0259
0.1763 1.3651 0.1346 103.1776 0.2495 0.0302
0.1763 1.3651 0.1346 136.2464 0.1064 0.0421
0.1763 1.3651 0.1346 162.9244 0.0681 0.0428
0.1763 1.3651 0.1346 197.4400 -0.0966 0.0429
0.1763 1.3651 0.1346 223.8131 -0.1754 0.0406
0.1763 1.3651 0.1346 257.0253 -0.2777 0.0293
0.1763 1.3651 0.1346 285.3543 -0.2455 0.0257
0.1763 1.3651 0.1346 315.8994 -0.1556 0.0185
0.1763 1.3651 0.1346 341.6751 -0.0770 0.0257
0.1767 1.5557 0.1376 19.6015 0.1643 0.0582
0.1767 1.5557 0.1376 48.3572 0.1782 0.0233
0.1767 1.5557 0.1376 75.0192 0.1890 0.0194
0.1767 1.5557 0.1376 102.6721 0.1346 0.0240
0.1767 1.5557 0.1376 135.6295 0.1834 0.0307
0.1767 1.5557 0.1376 163.5866 0.0389 0.0327
0.1767 1.5557 0.1376 197.0813 -0.0045 0.0328
0.1767 1.5557 0.1376 224.4260 -0.1473 0.0312
0.1767 1.5557 0.1376 256.8322 -0.2061 0.0228
0.1767 1.5557 0.1376 285.7622 -0.1975 0.0195
0.1767 1.5557 0.1376 311.4636 -0.0978 0.0234
0.1767 1.5557 0.1376 339.8300 -0.1831 0.0670
0.2350 1.6453 0.1465 15.2696 0.1031 0.0191
0.2350 1.6453 0.1465 43.0756 0.1770 0.0207
0.2350 1.6453 0.1465 73.7730 0.2587 0.0335
0.2350 1.6453 0.1465 104.0795 0.3058 0.0384
0.2350 1.6453 0.1465 134.1899 0.1901 0.0663
0.2350 1.6453 0.1465 163.3319 0.1428 0.0764
0.2350 1.6453 0.1465 199.0154 -0.1045 0.0786
0.2350 1.6453 0.1465 224.9377 -0.1913 0.0635
0.2350 1.6453 0.1465 256.7675 -0.2635 0.0380
0.2350 1.6453 0.1465 285.7491 -0.2177 0.0339
0.2350 1.6453 0.1465 317.2088 -0.1972 0.0206
0.2350 1.6453 0.1465 343.2076 -0.0943 0.0192
0.2377 1.8895 0.1448 15.8719 0.0931 0.0168
0.2377 1.8895 0.1448 42.8535 0.1563 0.0171
0.2377 1.8895 0.1448 74.0183 0.2270 0.0268
0.2377 1.8895 0.1448 103.3555 0.2526 0.0302
0.2377 1.8895 0.1448 133.9889 0.1930 0.0486
0.2377 1.8895 0.1448 163.9040 0.0741 0.0532
0.2377 1.8895 0.1448 197.8452 -0.1163 0.0487
0.2377 1.8895 0.1448 225.0255 -0.0927 0.0431
0.2377 1.8895 0.1448 256.8898 -0.2057 0.0308
0.2377 1.8895 0.1448 285.6360 -0.2451 0.0253
0.2377 1.8895 0.1448 317.0461 -0.1432 0.0172
0.2377 1.8895 0.1448 343.4685 -0.0699 0.0174
0.2460 2.1641 0.1442 17.0762 0.0612 0.0216
0.2460 2.1641 0.1442 44.5282 0.1569 0.0187
0.2460 2.1641 0.1442 74.3993 0.1950 0.0233
0.2460 2.1641 0.1442 102.6823 0.1995 0.0280
0.2460 2.1641 0.1442 133.1940 0.1275 0.0499
0.2460 2.1641 0.1442 164.9651 -0.0239 0.0546
0.2460 2.1641 0.1442 197.4750 -0.1109 0.0434
0.2460 2.1641 0.1442 225.2802 -0.1210 0.0387
0.2460 2.1641 0.1442 256.4325 -0.2282 0.0271
0.2460 2.1641 0.1442 285.9327 -0.2239 0.0228
0.2460 2.1641 0.1442 314.7548 -0.1241 0.0176
0.2460 2.1641 0.1442 343.2640 -0.0322 0.0232
0.3205 1.9424 0.1705 14.2340 0.0246 0.0904
0.3205 1.9424 0.1705 44.6139 0.1254 0.0899
0.3205 1.9424 0.1705 71.6130 -0.0973 0.1577
0.3205 1.9424 0.1705 99.8977 -0.6490 0.2831
0.3205 1.9424 0.1705 129.8244 0.1058 0.2651
0.3205 1.9424 0.1705 159.6440 -0.0285 0.5969
0.3205 1.9424 0.1705 201.0583 -0.5802 0.2602
0.3205 1.9424 0.1705 227.0026 -0.6001 0.4622
0.3205 1.9424 0.1705 255.4080 -0.0011 0.2885
0.3205 1.9424 0.1705 289.4700 -0.3031 0.1710
0.3205 1.9424 0.1705 315.7962 -0.2070 0.0858
0.3205 1.9424 0.1705 345.3558 -0.0450 0.0910
0.3215 2.2170 0.1719 15.0743 0.0310 0.0693
0.3215 2.2170 0.1719 45.1480 0.2685 0.0638
0.3215 2.2170 0.1719 70.6973 0.1050 0.1008
0.3215 2.2170 0.1719 104.5422 0.4296 0.1853
0.3215 2.2170 0.1719 130.0874 0.0942 0.2661
0.3215 2.2170 0.1719 165.2140 -0.0535 0.9402
0.3215 2.2170 0.1719 0.0000 0.0000 0.0000
0.3215 2.2170 0.1719 229.9826 -0.3090 0.3446
0.3215 2.2170 0.1719 257.9601 -0.2524 0.1358
0.3215 2.2170 0.1719 286.5947 -0.3014 0.1169
0.3215 2.2170 0.1719 317.1111 -0.1880 0.0673
0.3215 2.2170 0.1719 344.0522 -0.1868 0.0687
0.3213 2.5078 0.1743 15.5290 -0.0364 0.0601
0.3213 2.5078 0.1743 43.7151 0.1503 0.0601
0.3213 2.5078 0.1743 72.5063 0.1787 0.0853
0.3213 2.5078 0.1743 105.9772 0.0991 0.1288
0.3213 2.5078 0.1743 129.1182 0.2981 0.1942
0.3213 2.5078 0.1743 163.4146 0.1477 0.3972
0.3213 2.5078 0.1743 200.5967 0.2523 0.2561
0.3213 2.5078 0.1743 228.5333 -0.3794 0.1911
0.3213 2.5078 0.1743 255.1149 -0.2888 0.1108
0.3213 2.5078 0.1743 285.9319 -0.2818 0.0842
0.3213 2.5078 0.1743 317.3666 -0.0474 0.0612
0.3213 2.5078 0.1743 344.5342 -0.1131 0.0563
0.3211 2.7865 0.1753 15.2422 0.0526 0.0619
0.3211 2.7865 0.1753 43.6728 0.1538 0.0640
0.3211 2.7865 0.1753 73.6568 0.2294 0.1050
0.3211 2.7865 0.1753 104.5124 0.6259 0.2881
0.3211 2.7865 0.1753 128.4396 0.0789 0.1182
0.3211 2.7865 0.1753 166.5012 -0.2206 0.2408
0.3211 2.7865 0.1753 198.9856 -0.0324 0.1889
0.3211 2.7865 0.1753 225.1458 -0.1518 0.1131
0.3211 2.7865 0.1753 256.4933 -0.6124 0.2305
0.3211 2.7865 0.1753 286.6018 -0.2756 0.0931
0.3211 2.7865 0.1753 317.3367 -0.0330 0.0661
0.3211 2.7865 0.1753 343.9652 -0.0034 0.0628
0.1341 1.1678 0.2840 0.0000 0.0000 0.0000
0.1341 1.1678 0.2840 50.7084 0.1317 0.0427
0.1341 1.1678 0.2840 75.5995 0.1801 0.0327
0.1341 1.1678 0.2840 103.7323 0.1290 0.0334
0.1341 1.1678 0.2840 135.8418 0.1260 0.0393
0.1341 1.1678 0.2840 164.5005 0.0326 0.0385
0.1341 1.1678 0.2840 197.0714 -0.0831 0.0406
0.1341 1.1678 0.2840 224.6123 -0.0492 0.0385
0.1341 1.1678 0.2840 256.3920 -0.1851 0.0343
0.1341 1.1678 0.2840 284.2670 -0.1697 0.0314
0.1341 1.1678 0.2840 308.2696 -0.1594 0.0496
0.1341 1.1678 0.2840 339.6170 1.2356 0.2497
0.1764 1.3680 0.2798 23.1304 0.0800 0.0815
0.1764 1.3680 0.2798 45.5147 0.1959 0.0254
0.1764 1.3680 0.2798 74.4696 0.2855 0.0340
0.1764 1.3680 0.2798 104.1682 0.2451 0.0379
0.1764 1.3680 0.2798 133.9783 0.2598 0.0565
0.1764 1.3680 0.2798 164.2999 0.1034 0.0574
0.1764 1.3680 0.2798 197.3403 -0.0947 0.0663
0.1764 1.3680 0.2798 225.1086 -0.1337 0.0530
0.1764 1.3680 0.2798 256.8941 -0.2957 0.0423
0.1764 1.3680 0.2798 285.1898 -0.2891 0.0332
0.1764 1.3680 0.2798 314.9509 -0.1624 0.0278
0.1764 1.3680 0.2798 338.2752 -0.1163 0.0891
0.1772 1.5653 0.2819 28.1190 -0.3824 0.6852
0.1772 1.5653 0.2819 50.2425 0.1620 0.0274
0.1772 1.5653 0.2819 73.7667 0.1763 0.0258
0.1772 1.5653 0.2819 103.4781 0.1786 0.0317
0.1772 1.5653 0.2819 134.5666 0.1254 0.0424
0.1772 1.5653 0.2819 164.3223 0.0811 0.0402
0.1772 1.5653 0.2819 197.3449 -0.1069 0.0427
0.1772 1.5653 0.2819 224.7145 -0.1401 0.0377
0.1772 1.5653 0.2819 257.1572 -0.2071 0.0324
0.1772 1.5653 0.2819 285.6241 -0.1902 0.0246
0.1772 1.5653 0.2819 309.3500 -0.1448 0.0322
0.1772 1.5653 0.2819 336.3834 -0.6382 0.3839
0.2466 1.6881 0.2842 15.9087 0.0652 0.0188
0.2466 1.6881 0.2842 43.3781 0.2327 0.0195
0.2466 1.6881 0.2842 72.5946 0.3259 0.0342
0.2466 1.6881 0.2842 103.4719 0.2768 0.0491
0.2466 1.6881 0.2842 133.4654 0.2869 0.0755
0.2466 1.6881 0.2842 165.2913 -0.0804 0.0578
0.2466 1.6881 0.2842 196.0153 0.0639 0.0771
0.2466 1.6881 0.2842 223.6062 -0.1431 0.0847
0.2466 1.6881 0.2842 259.5956 -0.2498 0.0504
0.2466 1.6881 0.2842 285.7351 -0.3358 0.0322
0.2466 1.6881 0.2842 318.0410 -0.2441 0.0209
0.2466 1.6881 0.2842 343.5328 -0.1253 0.0172
0.2487 1.9490 0.2809 17.1754 0.1124 0.0221
0.2487 1.9490 0.2809 43.4671 0.2321 0.0175
0.2487 1.9490 0.2809 72.9762 0.2798 0.0290
0.2487 1.9490 0.2809 104.4660 0.2561 0.0345
0.2487 1.9490 0.2809 133.4071 0.1867 0.0525
0.2487 1.9490 0.2809 163.6467 0.0185 0.0575
0.2487 1.9490 0.2809 196.9362 -0.0605 0.0588
0.2487 1.9490 0.2809 225.4951 -0.2739 0.0471
0.2487 1.9490 0.2809 257.6624 -0.2513 0.0358
0.2487 1.9490 0.2809 285.6434 -0.2588 0.0277
0.2487 1.9490 0.2809 316.8753 -0.1704 0.0189
0.2487 1.9490 0.2809 342.5843 -0.0644 0.0216
0.2525 2.2131 0.2814 18.9359 0.1191 0.0427
0.2525 2.2131 0.2814 46.3532 0.1584 0.0185
0.2525 2.2131 0.2814 73.4877 0.2360 0.0231
0.2525 2.2131 0.2814 103.3959 0.2538 0.0278
0.2525 2.2131 0.2814 132.9431 0.1291 0.0432
0.2525 2.2131 0.2814 164.3849 0.0315 0.0478
0.2525 2.2131 0.2814 197.3175 -0.0655 0.0418
0.2525 2.2131 0.2814 224.5224 -0.1460 0.0353
0.2525 2.2131 0.2814 257.1179 -0.1833 0.0284
0.2525 2.2131 0.2814 286.2293 -0.2253 0.0215
0.2525 2.2131 0.2814 313.4737 -0.1732 0.0191
0.2525 2.2131 0.2814 340.6567 -0.0630 0.0409
0.3399 1.9930 0.3062 13.8344 0.0954 0.0403
0.3399 1.9930 0.3062 43.8505 0.2365 0.0459
0.3399 1.9930 0.3062 70.8470 0.2843 0.0782
0.3399 1.9930 0.3062 107.4094 -0.0324 0.0963
0.3399 1.9930 0.3062 131.0908 0.0077 0.0817
0.3399 1.9930 0.3062 165.4684 0.3014 0.1775
0.3399 1.9930 0.3062 203.3120 0.0060 0.1287
0.3399 1.9930 0.3062 223.9205 -0.2414 0.1004
0.3399 1.9930 0.3062 253.7220 -0.1986 0.1185
0.3399 1.9930 0.3062 288.5116 -0.2073 0.0956
0.3399 1.9930 0.3062 317.7067 -0.2076 0.0471
0.3399 1.9930 0.3062 344.8102 -0.1064 0.0343
0.3431 2.3060 0.3012 14.1072 0.0208 0.0311
0.3431 2.3060 0.3012 44.2856 0.2178 0.0340
0.3431 2.3060 0.3012 71.9098 0.3054 0.0524
0.3431 2.3060 0.3012 103.3861 0.2827 0.0903
0.3431 2.3060 0.3012 132.1065 0.2567 0.1161
0.3431 2.3060 0.3012 166.4243 0.3053 0.1900
0.3431 2.3060 0.3012 197.5544 0.0899 0.1579
0.3431 2.3060 0.3012 224.6738 0.1064 0.1507
0.3431 2.3060 0.3012 259.6329 -0.2261 0.0937
0.3431 2.3060 0.3012 286.5738 -0.2683 0.0563
0.3431 2.3060 0.3012 318.0622 -0.2020 0.0352
0.3431 2.3060 0.3012 344.6778 -0.0898 0.0287
0.3447 2.6372 0.2966 14.3648 0.0530 0.0259
0.3447 2.6372 0.2966 44.3098 0.1594 0.0280
0.3447 2.6372 0.2966 73.1295 0.1880 0.0401
0.3447 2.6372 0.2966 105.0054 0.2979 0.0540
0.3447 2.6372 0.2966 129.7014 0.2596 0.0916
0.3447 2.6372 0.2966 166.1786 0.1444 0.1802
0.3447 2.6372 0.2966 198.1630 -0.0672 0.1226
0.3447 2.6372 0.2966 226.1817 -0.2532 0.0874
0.3447 2.6372 0.2966 256.9076 -0.3139 0.0500
0.3447 2.6372 0.2966 285.9948 -0.2520 0.0404
0.3447 2.6372 0.2966 317.9151 -0.1723 0.0290
0.3447 2.6372 0.2966 344.3560 -0.0692 0.0243
0.3480 2.9706 0.2942 15.2208 0.0931 0.0264
0.3480 2.9706 0.2942 44.2234 0.1669 0.0247
0.3480 2.9706 0.2942 73.7743 0.1677 0.0349
0.3480 2.9706 0.2942 104.7945 0.2050 0.0447
0.3480 2.9706 0.2942 130.6808 0.1336 0.0694
0.3480 2.9706 0.2942 166.9547 0.0161 0.1182
0.3480 2.9706 0.2942 199.4644 -0.0820 0.0746
0.3480 2.9706 0.2942 226.5008 -0.2143 0.0586
0.3480 2.9706 0.2942 256.9742 -0.1558 0.0422
0.3480 2.9706 0.2942 286.1088 -0.2048 0.0348
0.3480 2.9706 0.2942 316.8855 -0.1942 0.0252
0.3480 2.9706 0.2942 343.2248 -0.0587 0.0252
0.4374 2.6973 0.3461 14.5013 0.1473 0.1096
0.4374 2.6973 0.3461 43.5049 0.0895 0.1417
0.4374 2.6973 0.3461 72.9470 0.0765 0.1703
0.4374 2.6973 0.3461 102.5676 0.1682 0.2184
0.4374 2.6973 0.3461 126.2450 -0.4281 0.3921
0.4374 2.6973 0.3461 0.0000 0.0000 0.0000
0.4374 2.6973 0.3461 0.0000 0.0000 0.0000
0.4374 2.6973 0.3461 231.0378 -0.6997 0.3773
0.4374 2.6973 0.3461 253.0904 -0.3897 0.2500
0.4374 2.6973 0.3461 291.0770 -0.0074 0.2448
0.4374 2.6973 0.3461 318.0913 -0.1338 0.1167
0.4374 2.6973 0.3461 344.5532 -0.1023 0.0967
0.4425 3.2034 0.3477 15.3995 -0.0009 0.1011
0.4425 3.2034 0.3477 44.9497 0.0171 0.1050
0.4425 3.2034 0.3477 72.3988 0.1619 0.1182
0.4425 3.2034 0.3477 100.9460 0.5388 0.2249
0.4425 3.2034 0.3477 127.6275 -0.0321 0.5283
0.4425 3.2034 0.3477 0.0000 0.0000 0.0000
0.4425 3.2034 0.3477 0.0000 0.0000 0.0000
0.4425 3.2034 0.3477 215.4350 -1.4294 0.8676
0.4425 3.2034 0.3477 260.5981 -0.8092 0.2167
0.4425 3.2034 0.3477 287.5163 -0.3409 0.1380
0.4425 3.2034 0.3477 317.0495 -0.1990 0.0898
0.4425 3.2034 0.3477 347.4955 0.2263 0.1225
0.4412 3.5995 0.3522 13.9965 0.1670 0.0935
0.4412 3.5995 0.3522 44.4166 0.0996 0.1106
0.4412 3.5995 0.3522 72.8218 0.3402 0.1419
0.4412 3.5995 0.3522 102.2406 0.4252 0.3260
0.4412 3.5995 0.3522 123.4133 0.5592 0.2449
0.4412 3.5995 0.3522 154.7830 1.3347 0.3180
0.4412 3.5995 0.3522 183.2910 -1.3904 0.7347
0.4412 3.5995 0.3522 227.3706 0.6054 0.5066
0.4412 3.5995 0.3522 257.0698 -0.4834 0.1913
0.4412 3.5995 0.3522 287.2194 -0.1345 0.1332
0.4412 3.5995 0.3522 316.6555 -0.1859 0.1004
0.4412 3.5995 0.3522 343.1228 -0.1352 0.0917
0.1331 1.1611 0.4929 25.9316 -0.0222 0.1516
0.1331 1.1611 0.4929 45.4787 0.1188 0.0371
0.1331 1.1611 0.4929 73.9968 0.0158 0.0509
0.1331 1.1611 0.4929 103.9458 0.0583 0.0556
0.1331 1.1611 0.4929 134.5459 0.0006 0.0721
0.1331 1.1611 0.4929 164.3507 0.1365 0.0728
0.1331 1.1611 0.4929 196.2684 -0.0550 0.0779
0.1331 1.1611 0.4929 224.7675 -0.0379 0.0688
0.1331 1.1611 0.4929 257.6002 -0.0630 0.0629
0.1331 1.1611 0.4929 285.3422 -0.1204 0.0481
0.1331 1.1611 0.4929 315.1303 -0.1763 0.0443
0.1331 1.1611 0.4929 335.0314 0.2463 0.1492
0.1750 1.3580 0.4910 27.3317 0.0830 0.1313
0.1750 1.3580 0.4910 44.1736 0.1786 0.0356
0.1750 1.3580 0.4910 72.2537 0.1831 0.0555
0.1750 1.3580 0.4910 104.0868 0.1241 0.0723
0.1750 1.3580 0.4910 134.5042 0.0038 0.1227
0.1750 1.3580 0.4910 165.0676 0.0503 0.1197
0.1750 1.3580 0.4910 192.9413 0.0777 0.1493
0.1750 1.3580 0.4910 227.2622 -0.1422 0.1269
0.1750 1.3580 0.4910 258.0286 -0.3164 0.0738
0.1750 1.3580 0.4910 285.3217 -0.0955 0.0547
0.1750 1.3580 0.4910 316.6645 -0.1723 0.0381
0.1750 1.3580 0.4910 333.1584 -0.0732 0.1152
0.1765 1.5611 0.4909 28.6299 -0.1228 0.1876
0.1765 1.5611 0.4909 46.4330 0.1970 0.0319
0.1765 1.5611 0.4909 72.9925 0.1664 0.0428
0.1765 1.5611 0.4909 103.8537 0.0848 0.0571
0.1765 1.5611 0.4909 134.1272 0.1839 0.0735
0.1765 1.5611 0.4909 164.0506 0.0472 0.0758
0.1765 1.5611 0.4909 196.6261 -0.2562 0.0824
0.1765 1.5611 0.4909 224.8353 -0.1054 0.0649
0.1765 1.5611 0.4909 255.9545 -0.1295 0.0575
0.1765 1.5611 0.4909 285.9787 -0.1850 0.0417
0.1765 1.5611 0.4909 312.8313 -0.1292 0.0364
0.1765 1.5611 0.4909 332.3397 0.0043 0.2591
0.2524 1.7039 0.4875 19.2795 0.1311 0.0334
0.2524 1.7039 0.4875 43.0521 0.2349 0.0281
0.2524 1.7039 0.4875 71.3001 0.2875 0.0559
0.2524 1.7039 0.4875 102.9551 0.0358 0.1025
0.2524 1.7039 0.4875 136.2640 0.1381 0.0869
0.2524 1.7039 0.4875 165.4849 -0.0199 0.0600
0.2524 1.7039 0.4875 194.3429 0.0508 0.0788
0.2524 1.7039 0.4875 219.8710 -0.1078 0.1057
0.2524 1.7039 0.4875 261.6451 -0.1738 0.1082
0.2524 1.7039 0.4875 286.3208 -0.2609 0.0519
0.2524 1.7039 0.4875 318.3337 -0.1590 0.0303
0.2524 1.7039 0.4875 339.9879 -0.1397 0.0299
0.2486 1.9485 0.4873 23.9132 0.1548 0.0608
0.2486 1.9485 0.4873 43.5204 0.1926 0.0267
0.2486 1.9485 0.4873 72.7362 0.2544 0.0466
0.2486 1.9485 0.4873 103.3373 0.0363 0.0672
0.2486 1.9485 0.4873 131.7697 0.0788 0.1134
0.2486 1.9485 0.4873 165.4213 0.1644 0.1002
0.2486 1.9485 0.4873 194.6935 0.0847 0.1428
0.2486 1.9485 0.4873 226.3000 -0.1460 0.1080
0.2486 1.9485 0.4873 257.8180 -0.1652 0.0695
0.2486 1.9485 0.4873 286.4975 -0.2952 0.0444
0.2486 1.9485 0.4873 317.1408 -0.1858 0.0297
0.2486 1.9485 0.4873 336.1456 -0.0495 0.0600
0.2504 2.2028 0.4883 27.8407 0.3762 0.1490
0.2504 2.2028 0.4883 46.4253 0.1359 0.0272
0.2504 2.2028 0.4883 73.2149 0.1724 0.0395
0.2504 2.2028 0.4883 104.3071 0.1958 0.0492
0.2504 2.2028 0.4883 133.1948 0.0816 0.0743
0.2504 2.2028 0.4883 165.9508 0.0821 0.0976
0.2504 2.2028 0.4883 197.7134 -0.1287 0.0766
0.2504 2.2028 0.4883 224.9444 -0.0692 0.0650
0.2504 2.2028 0.4883 257.4963 -0.2653 0.0501
0.2504 2.2028 0.4883 286.2383 -0.2054 0.0368
0.2504 2.2028 0.4883 312.9241 -0.1995 0.0298
0.2504 2.2028 0.4883 334.1075 0.0661 0.2188
0.3443 2.0062 0.4964 13.4619 0.1042 0.0397
0.3443 2.0062 0.4964 43.9100 0.1705 0.0563
0.3443 2.0062 0.4964 68.7731 0.1565 0.1151
0.3443 2.0062 0.4964 109.4653 0.0497 0.0942
0.3443 2.0062 0.4964 133.3800 0.2709 0.0837
0.3443 2.0062 0.4964 164.7532 -0.0547 0.1389
0.3443 2.0062 0.4964 200.0772 -0.1462 0.1150
0.3443 2.0062 0.4964 222.3310 -0.0073 0.1041
0.3443 2.0062 0.4964 254.0294 -0.1775 0.1247
0.3443 2.0062 0.4964 289.8315 -0.1886 0.1365
0.3443 2.0062 0.4964 318.9634 -0.2196 0.0531
0.3443 2.0062 0.4964 345.8947 -0.0806 0.0357
0.3501 2.3282 0.4938 13.8274 0.1579 0.0327
0.3501 2.3282 0.4938 44.0544 0.2697 0.0442
0.3501 2.3282 0.4938 70.9704 0.1185 0.0807
0.3501 2.3282 0.4938 109.7292 0.0457 0.1138
0.3501 2.3282 0.4938 132.8329 0.1077 0.0793
0.3501 2.3282 0.4938 164.6847 -0.0693 0.1521
0.3501 2.3282 0.4938 197.2216 -0.2425 0.1136
0.3501 2.3282 0.4938 221.4523 -0.0832 0.1025
0.3501 2.3282 0.4938 257.2713 -0.0902 0.1602
0.3501 2.3282 0.4938 287.3560 -0.3973 0.0749
0.3501 2.3282 0.4938 318.0643 -0.1997 0.0438
0.3501 2.3282 0.4938 345.0230 -0.0569 0.0293
0.3555 2.6851 0.4889 16.2136 0.1133 0.0342
0.3555 2.6851 0.4889 43.1702 0.2654 0.0393
0.3555 2.6851 0.4889 72.5245 0.2188 0.0589
0.3555 2.6851 0.4889 102.6150 0.1037 0.0956
0.3555 2.6851 0.4889 131.0389 0.0278 0.1649
0.3555 2.6851 0.4889 166.7261 -0.2121 0.2354
0.3555 2.6851 0.4889 197.7278 0.0676 0.2020
0.3555 2.6851 0.4889 224.8709 -0.1986 0.1542
0.3555 2.6851 0.4889 259.8184 -0.4079 0.0894
0.3555 2.6851 0.4889 285.8285 -0.3843 0.0597
0.3555 2.6851 0.4889 317.9184 -0.2195 0.0393
0.3555 2.6851 0.4889 343.3092 -0.1160 0.0314
0.3600 3.0455 0.4854 17.8914 0.0643 0.0482
0.3600 3.0455 0.4854 44.5593 0.1756 0.0345
0.3600 3.0455 0.4854 73.0102 0.2971 0.0531
0.3600 3.0455 0.4854 104.7902 0.2620 0.0677
0.3600 3.0455 0.4854 131.3312 0.1578 0.0979
0.3600 3.0455 0.4854 165.0269 0.1536 0.1904
0.3600 3.0455 0.4854 199.8015 -0.0209 0.1243
0.3600 3.0455 0.4854 224.9904 -0.1491 0.0936
0.3600 3.0455 0.4854 257.3815 -0.1231 0.0649
0.3600 3.0455 0.4854 285.9180 -0.3452 0.0531
0.3600 3.0455 0.4854 316.3199 -0.2157 0.0369
0.3600 3.0455 0.4854 341.6970 -0.1186 0.0446
0.4462 2.7547 0.5009 14.1470 -0.0741 0.0855
0.4462 2.7547 0.5009 44.8875 0.3724 0.0848
0.4462 2.7547 0.5009 71.8205 0.1640 0.1607
0.4462 2.7547 0.5009 108.0170 0.1096 0.1500
0.4462 2.7547 0.5009 130.7217 0.1305 0.1702
0.4462 2.7547 0.5009 152.4470 1.2936 0.2875
0.4462 2.7547 0.5009 207.3880 -0.4567 0.7794
0.4462 2.7547 0.5009 229.8449 0.3436 0.2439
0.4462 2.7547 0.5009 255.4409 -0.1396 0.1585
0.4462 2.7547 0.5009 284.2967 -0.1931 0.1926
0.4462 2.7547 0.5009 318.5121 -0.3468 0.0900
0.4462 2.7547 0.5009 344.5738 -0.0049 0.0711
0.4613 3.2920 0.5019 14.3141 0.0452 0.0629
0.4613 3.2920 0.5019 44.5733 0.1495 0.0695
0.4613 3.2920 0.5019 72.2819 0.1850 0.0904
0.4613 3.2920 0.5019 103.0289 0.0971 0.1809
0.4613 3.2920 0.5019 132.8927 0.1190 0.2862
0.4613 3.2920 0.5019 150.4890 1.3547 0.7356
0.4613 3.2920 0.5019 202.2502 0.2161 0.5516
0.4613 3.2920 0.5019 226.1453 0.0719 0.3089
0.4613 3.2920 0.5019 260.0245 -0.2157 0.1879
0.4613 3.2920 0.5019 286.5082 -0.1764 0.0988
0.4613 3.2920 0.5019 317.0798 -0.1583 0.0694
0.4613 3.2920 0.5019 344.6780 -0.0353 0.0519
0.4629 3.7239 0.5021 14.1534 0.0074 0.0533
0.4629 3.7239 0.5021 44.2645 0.1513 0.0651
0.4629 3.7239 0.5021 73.3822 0.2528 0.0788
0.4629 3.7239 0.5021 102.0643 0.4577 0.1242
0.4629 3.7239 0.5021 130.3452 -0.1205 0.2465
0.4629 3.7239 0.5021 172.7887 0.4889 0.6992
0.4629 3.7239 0.5021 191.6168 0.2791 0.6191
0.4629 3.7239 0.5021 230.6392 0.0194 0.2494
0.4629 3.7239 0.5021 256.8484 -0.1891 0.1312
0.4629 3.7239 0.5021 285.8449 -0.3773 0.0775
0.4629 3.7239 0.5021 316.1329 -0.2006 0.0577
0.4629 3.7239 0.5021 344.0114 -0.0866 0.0507
0.1329 1.1551 0.7785 16.1126 -0.0225 0.0321
0.1329 1.1551 0.7785 42.8597 0.0267 0.0349
0.1329 1.1551 0.7785 73.1416 0.1422 0.0640
0.1329 1.1551 0.7785 104.3918 0.2677 0.0794
0.1329 1.1551 0.7785 133.8652 0.0025 0.1140
0.1329 1.1551 0.7785 164.6819 0.1613 0.1225
0.1329 1.1551 0.7785 196.6729 -0.0238 0.1444
0.1329 1.1551 0.7785 225.3786 -0.0066 0.1082
0.1329 1.1551 0.7785 256.7555 -0.0528 0.0853
0.1329 1.1551 0.7785 286.2387 -0.0955 0.0570
0.1329 1.1551 0.7785 317.5267 -0.1427 0.0391
0.1329 1.1551 0.7785 343.5609 -0.0273 0.0293
0.1741 1.3455 0.7921 19.8360 0.0507 0.0426
0.1741 1.3455 0.7921 42.4595 0.0357 0.0381
0.1741 1.3455 0.7921 71.7618 0.1457 0.0801
0.1741 1.3455 0.7921 101.5851 0.2748 0.1426
0.1741 1.3455 0.7921 141.0274 0.0783 0.2008
0.1741 1.3455 0.7921 166.5075 -0.1323 0.0852
0.1741 1.3455 0.7921 190.8232 0.1625 0.1259
0.1741 1.3455 0.7921 227.5636 -0.2470 0.2471
0.1741 1.3455 0.7921 258.7415 -0.0557 0.1395
0.1741 1.3455 0.7921 286.2520 -0.2673 0.0797
0.1741 1.3455 0.7921 318.1658 0.0727 0.0424
0.1741 1.3455 0.7921 339.8407 -0.0641 0.0376
0.1753 1.5516 0.7741 19.2148 0.0173 0.0430
0.1753 1.5516 0.7741 43.3502 0.0434 0.0337
0.1753 1.5516 0.7741 73.0862 0.1560 0.0575
0.1753 1.5516 0.7741 103.7626 0.0116 0.0767
0.1753 1.5516 0.7741 133.8289 0.1091 0.1304
0.1753 1.5516 0.7741 165.8703 0.0856 0.1473
0.1753 1.5516 0.7741 196.0084 -0.0619 0.1582
0.1753 1.5516 0.7741 226.5035 -0.1758 0.1146
0.1753 1.5516 0.7741 256.8153 -0.2270 0.0901
0.1753 1.5516 0.7741 285.5956 -0.1131 0.0556
0.1753 1.5516 0.7741 317.3650 -0.1377 0.0382
0.1753 1.5516 0.7741 341.3833 -0.0320 0.0410
0.2493 1.6847 0.7731 24.0736 0.0356 0.0378
0.2493 1.6847 0.7731 42.6181 0.1494 0.0321
0.2493 1.6847 0.7731 70.2930 0.2615 0.0672
0.2493 1.6847 0.7731 105.5333 -0.0283 0.1523
0.2493 1.6847 0.7731 134.8478 0.0984 0.0898
0.2493 1.6847 0.7731 166.7578 0.0382 0.0620
0.2493 1.6847 0.7731 194.7826 -0.0034 0.0714
0.2493 1.6847 0.7731 219.4180 -0.0815 0.1042
0.2493 1.6847 0.7731 256.7106 -0.0526 0.0889
0.2493 1.6847 0.7731 287.1332 -0.0727 0.0677
0.2493 1.6847 0.7731 319.2488 -0.1293 0.0335
0.2493 1.6847 0.7731 335.6262 -0.1157 0.0330
0.2476 1.9394 0.7694 26.1108 0.1146 0.0545
0.2476 1.9394 0.7694 42.7182 0.1068 0.0302
0.2476 1.9394 0.7694 72.0774 0.1998 0.0595
0.2476 1.9394 0.7694 102.0700 0.1095 0.1224
0.2476 1.9394 0.7694 136.2214 -0.0070 0.1413
0.2476 1.9394 0.7694 166.7812 0.0975 0.0758
0.2476 1.9394 0.7694 192.1033 -0.0241 0.1132
0.2476 1.9394 0.7694 221.3969 -0.0614 0.1427
0.2476 1.9394 0.7694 260.1120 -0.2148 0.1038
0.2476 1.9394 0.7694 285.7552 -0.1881 0.0574
0.2476 1.9394 0.7694 318.1433 -0.1080 0.0338
0.2476 1.9394 0.7694 333.8692 -0.0685 0.0523
0.2494 2.1990 0.7689 24.4462 -0.0135 0.0706
0.2494 2.1990 0.7689 43.5943 0.1061 0.0279
0.2494 2.1990 0.7689 73.4951 0.1510 0.0490
0.2494 2.1990 0.7689 104.4127 0.1302 0.0649
0.2494 2.1990 0.7689 130.0727 -0.0289 0.1197
0.2494 2.1990 0.7689 165.2527 0.0710 0.1562
0.2494 2.1990 0.7689 197.8986 0.0588 0.1554
0.2494 2.1990 0.7689 226.9041 -0.0692 0.1087
0.2494 2.1990 0.7689 257.5352 -0.0692 0.0719
0.2494 2.1990 0.7689 285.8832 -0.1171 0.0472
0.2494 2.1990 0.7689 316.4755 -0.1529 0.0311
0.2494 2.1990 0.7689 337.0825 -0.0654 0.0674
0.3516 2.0231 0.7752 15.8605 0.1045 0.0360
0.3516 2.0231 0.7752 44.0336 0.2138 0.0555
0.3516 2.0231 0.7752 74.4812 0.2373 0.1212
0.3516 2.0231 0.7752 107.2669 -0.0285 0.1002
0.3516 2.0231 0.7752 135.5475 0.1603 0.0816
0.3516 2.0231 0.7752 163.8427 -0.0269 0.1302
0.3516 2.0231 0.7752 200.2824 -0.1743 0.1341
0.3516 2.0231 0.7752 221.6566 -0.0718 0.1229
0.3516 2.0231 0.7752 257.7163 -0.0514 0.0893
0.3516 2.0231 0.7752 281.9271 -0.0848 0.1062
0.3516 2.0231 0.7752 319.0823 -0.1852 0.0578
0.3516 2.0231 0.7752 343.7903 -0.1362 0.0321
0.3597 2.3596 0.7684 17.2245 0.1271 0.0353
0.3597 2.3596 0.7684 43.2944 0.2101 0.0449
0.3597 2.3596 0.7684 68.9720 0.2262 0.0937
0.3597 2.3596 0.7684 109.0102 0.1522 0.1045
0.3597 2.3596 0.7684 134.2139 0.1391 0.0751
0.3597 2.3596 0.7684 163.6561 -0.1059 0.1524
0.3597 2.3596 0.7684 201.0823 -0.2191 0.0984
0.3597 2.3596 0.7684 223.0109 -0.1291 0.0889
0.3597 2.3596 0.7684 255.6565 -0.1080 0.0955
0.3597 2.3596 0.7684 287.7397 -0.2486 0.1026
0.3597 2.3596 0.7684 318.1992 -0.1517 0.0478
0.3597 2.3596 0.7684 342.2554 -0.0900 0.0315
0.3607 2.7054 0.7623 20.0360 0.1204 0.0451
0.3607 2.7054 0.7623 43.4706 0.1690 0.0400
0.3607 2.7054 0.7623 72.3288 0.1874 0.0731
0.3607 2.7054 0.7623 102.2116 0.3938 0.1253
0.3607 2.7054 0.7623 133.7274 0.0446 0.1088
0.3607 2.7054 0.7623 165.0042 -0.0668 0.1800
0.3607 2.7054 0.7623 201.2587 0.0624 0.1314
0.3607 2.7054 0.7623 222.2709 -0.2296 0.1022
0.3607 2.7054 0.7623 258.8822 -0.2415 0.1134
0.3607 2.7054 0.7623 285.7662 -0.2588 0.0719
0.3607 2.7054 0.7623 318.3416 -0.2659 0.0413
0.3607 2.7054 0.7623 339.4797 -0.1306 0.0403
0.3582 3.0357 0.7573 23.9100 0.0056 0.0865
0.3582 3.0357 0.7573 44.0038 0.1456 0.0369
0.3582 3.0357 0.7573 73.3780 0.2080 0.0602
0.3582 3.0357 0.7573 103.5450 0.1640 0.0858
0.3582 3.0357 0.7573 129.5338 0.2557 0.1536
0.3582 3.0357 0.7573 166.6473 0.2439 0.2227
0.3582 3.0357 0.7573 198.7818 -0.2106 0.1951
0.3582 3.0357 0.7573 227.3918 -0.4770 0.1437
0.3582 3.0357 0.7573 257.9913 -0.3386 0.0841
0.3582 3.0357 0.7573 286.2406 -0.1822 0.0583
0.3582 3.0357 0.7573 317.1891 -0.0855 0.0390
0.3582 3.0357 0.7573 335.9474 -0.0310 0.0820
0.4460 2.7483 0.7955 12.7628 0.0040 0.0555
0.4460 2.7483 0.7955 43.3003 0.0843 0.0911
0.4460 2.7483 0.7955 70.7273 0.1787 0.1767
0.4460 2.7483 0.7955 107.7473 0.0560 0.1318
0.4460 2.7483 0.7955 133.1713 -0.0853 0.1045
0.4460 2.7483 0.7955 152.7024 0.2943 0.6438
0.4460 2.7483 0.7955 207.3877 0.1264 0.3987
0.4460 2.7483 0.7955 225.1784 -0.1062 0.1603
0.4460 2.7483 0.7955 254.9665 -0.1807 0.1311
0.4460 2.7483 0.7955 287.2929 -0.1257 0.1700
0.4460 2.7483 0.7955 317.4378 -0.2582 0.0908
0.4460 2.7483 0.7955 347.2236 -0.1437 0.0516
0.4705 3.3374 0.7837 14.4898 0.0295 0.0507
0.4705 3.3374 0.7837 44.3513 0.1953 0.0663
0.4705 3.3374 0.7837 70.0179 0.3252 0.1016
0.4705 3.3374 0.7837 109.6231 0.0859 0.1452
0.4705 3.3374 0.7837 131.9146 0.0780 0.1058
0.4705 3.3374 0.7837 162.5253 0.4134 0.3562
0.4705 3.3374 0.7837 202.4267 -0.1786 0.2850
0.4705 3.3374 0.7837 223.6004 -0.2401 0.1336
0.4705 3.3374 0.7837 257.7306 -0.5128 0.1827
0.4705 3.3374 0.7837 290.1993 -0.2971 0.1098
0.4705 3.3374 0.7837 316.6149 -0.2093 0.0685
0.4705 3.3374 0.7837 345.2748 -0.1538 0.0448
0.4847 3.8447 0.7702 15.4342 0.1372 0.0468
0.4847 3.8447 0.7702 43.8611 0.2251 0.0567
0.4847 3.8447 0.7702 73.7407 0.3121 0.0770
0.4847 3.8447 0.7702 101.8987 0.2743 0.1204
0.4847 3.8447 0.7702 134.5621 -0.0817 0.2219
0.4847 3.8447 0.7702 161.9045 -0.5117 0.3139
0.4847 3.8447 0.7702 192.3427 -0.0052 0.3658
0.4847 3.8447 0.7702 225.8475 -0.3367 0.1868
0.4847 3.8447 0.7702 260.6956 -0.1636 0.1358
0.4847 3.8447 0.7702 285.4671 -0.2175 0.0821
0.4847 3.8447 0.7702 316.6904 -0.1763 0.0569
0.4847 3.8447 0.7702 343.8344 -0.0864 0.0454
0.1337 1.1498 1.2751 12.8029 -0.0159 0.0300
0.1337 1.1498 1.2751 43.5163 -0.0749 0.0655
0.1337 1.1498 1.2751 71.1496 0.0150 0.1181
0.1337 1.1498 1.2751 104.3779 0.0998 0.1619
0.1337 1.1498 1.2751 136.7685 -0.2329 0.1228
0.1337 1.1498 1.2751 166.7240 -0.0656 0.0921
0.1337 1.1498 1.2751 188.1782 -0.2511 0.1664
0.1337 1.1498 1.2751 228.4346 -0.1631 0.1228
0.1337 1.1498 1.2751 256.3293 -0.0589 0.1629
0.1337 1.1498 1.2751 286.8688 0.0554 0.1142
0.1337 1.1498 1.2751 317.5331 0.0339 0.0680
0.1337 1.1498 1.2751 346.5615 0.0034 0.0306
0.1757 1.3469 1.2751 11.7325 -0.0252 0.0304
0.1757 1.3469 1.2751 43.4846 0.1272 0.0689
0.1757 1.3469 1.2751 72.5670 -0.0313 0.1434
0.1757 1.3469 1.2751 103.4754 0.1280 0.1040
0.1757 1.3469 1.2751 138.8958 -0.4638 0.2223
0.1757 1.3469 1.2751 166.2230 -0.1155 0.0992
0.1757 1.3469 1.2751 189.5110 -0.0876 0.1369
0.1757 1.3469 1.2751 229.5110 -0.1212 0.1413
0.1757 1.3469 1.2751 257.2225 0.0564 0.1057
0.1757 1.3469 1.2751 286.8911 0.2056 0.1405
0.1757 1.3469 1.2751 318.6723 -0.0765 0.0618
0.1757 1.3469 1.2751 346.9730 0.0345 0.0396
0.1771 1.5590 1.2664 13.8782 -0.0086 0.0349
0.1771 1.5590 1.2664 43.5856 0.0012 0.0740
0.1771 1.5590 1.2664 72.3943 0.2080 0.1122
0.1771 1.5590 1.2664 103.4124 -0.0258 0.1704
0.1771 1.5590 1.2664 136.7680 -0.3071 0.2071
0.1771 1.5590 1.2664 167.5193 -0.0004 0.1046
0.1771 1.5590 1.2664 190.5782 0.0864 0.1686
0.1771 1.5590 1.2664 226.1577 0.1450 0.1288
0.1771 1.5590 1.2664 256.7949 0.2855 0.1656
0.1771 1.5590 1.2664 286.4655 0.0404 0.1081
0.1771 1.5590 1.2664 317.9364 -0.0888 0.0681
0.1771 1.5590 1.2664 345.9971 -0.0161 0.0352
0.2492 1.6751 1.3252 13.7485 0.0234 0.0304
0.2492 1.6751 1.3252 43.0090 0.0080 0.0480
0.2492 1.6751 1.3252 76.0945 -0.0569 0.0900
0.2492 1.6751 1.3252 102.9529 -0.0713 0.1028
0.2492 1.6751 1.3252 134.7399 0.0688 0.1349
0.2492 1.6751 1.3252 167.2186 -0.1076 0.1168
0.2492 1.6751 1.3252 193.6988 -0.1347 0.1286
0.2492 1.6751 1.3252 224.8705 0.0700 0.1260
0.2492 1.6751 1.3252 257.7830 -0.1363 0.0752
0.2492 1.6751 1.3252 281.8190 0.1185 0.0960
0.2492 1.6751 1.3252 319.5546 0.0353 0.0597
0.2492 1.6751 1.3252 345.6346 -0.0018 0.0183
0.2475 1.9367 1.3139 15.6064 0.0960 0.0524
0.2475 1.9367 1.3139 43.2952 0.0403 0.0536
0.2475 1.9367 1.3139 70.5029 0.0568 0.1144
0.2475 1.9367 1.3139 104.5934 -0.0102 0.1247
0.2475 1.9367 1.3139 132.9317 0.2477 0.1507
0.2475 1.9367 1.3139 165.2494 0.1798 0.1375
0.2475 1.9367 1.3139 192.2483 0.0194 0.1496
0.2475 1.9367 1.3139 222.5859 0.0004 0.1134
0.2475 1.9367 1.3139 255.9909 0.0144 0.0961
0.2475 1.9367 1.3139 287.5241 0.1692 0.1247
0.2475 1.9367 1.3139 318.5622 -0.0936 0.0651
0.2475 1.9367 1.3139 344.4541 0.0013 0.0337
0.2505 2.2039 1.2899 15.7264 -0.0033 0.0261
0.2505 2.2039 1.2899 43.3675 0.1964 0.0974
0.2505 2.2039 1.2899 73.4947 -0.0785 0.0965
0.2505 2.2039 1.2899 103.2529 0.3765 0.1497
0.2505 2.2039 1.2899 133.5349 -0.3321 0.2067
0.2505 2.2039 1.2899 165.1868 -0.1964 0.1624
0.2505 2.2039 1.2899 194.6068 -0.0998 0.2354
0.2505 2.2039 1.2899 224.2634 -0.2140 0.1361
0.2505 2.2039 1.2899 258.2389 0.0148 0.1391
0.2505 2.2039 1.2899 287.5152 0.0232 0.0965
0.2505 2.2039 1.2899 318.0201 -0.1046 0.0572
0.2505 2.2039 1.2899 344.1516 -0.0398 0.0281
0.3517 2.0207 1.3662 16.1383 0.0532 0.0484
0.3517 2.0207 1.3662 42.4306 -0.0214 0.0872
0.3517 2.0207 1.3662 76.2368 0.0557 0.0840
0.3517 2.0207 1.3662 101.3163 0.1496 0.1150
0.3517 2.0207 1.3662 136.8296 -0.0098 0.1622
0.3517 2.0207 1.3662 155.6127 0.2045 0.3633
0.3517 2.0207 1.3662 200.6608 -0.4197 0.2830
0.3517 2.0207 1.3662 224.0865 0.4188 0.1888
0.3517 2.0207 1.3662 257.4418 0.0051 0.0960
0.3517 2.0207 1.3662 282.4790 0.0050 0.0813
0.3517 2.0207 1.3662 320.4645 0.0001 0.0781
0.3517 2.0207 1.3662 343.2951 -0.0550 0.0378
0.3587 2.3529 1.3498 19.1527 0.1169 0.1047
0.3587 2.3529 1.3498 42.8375 0.1388 0.0701
0.3587 2.3529 1.3498 76.9966 0.1084 0.0796
0.3587 2.3529 1.3498 102.8530 0.2271 0.1046
0.3587 2.3529 1.3498 134.2118 0.0014 0.1165
0.3587 2.3529 1.3498 156.8120 -0.0879 0.3036
0.3587 2.3529 1.3498 201.8878 0.0386 0.2158
0.3587 2.3529 1.3498 224.3374 0.0055 0.1454
0.3587 2.3529 1.3498 256.5460 -0.0399 0.0814
0.3587 2.3529 1.3498 281.1515 -0.0410 0.0861
0.3587 2.3529 1.3498 319.2025 -0.1868 0.0726
0.3587 2.3529 1.3498 340.1259 0.0279 0.0609
0.3582 2.6884 1.3420 21.5220 0.2476 0.1189
0.3582 2.6884 1.3420 43.3482 -0.0130 0.0641
0.3582 2.6884 1.3420 71.9022 0.1258 0.1133
0.3582 2.6884 1.3420 104.9347 -0.0489 0.1182
0.3582 2.6884 1.3420 133.6404 -0.3814 0.1305
0.3582 2.6884 1.3420 162.5558 0.0575 0.1636
0.3582 2.6884 1.3420 201.1095 -0.5074 0.2338
0.3582 2.6884 1.3420 223.0241 -0.1502 0.1380
0.3582 2.6884 1.3420 255.5426 -0.0334 0.0852
0.3582 2.6884 1.3420 287.0341 -0.1982 0.1160
0.3582 2.6884 1.3420 318.1127 -0.0508 0.0663
0.3582 2.6884 1.3420 339.0533 -0.0251 0.0223
0.3558 3.0194 1.3395 20.4501 -0.0562 0.0941
0.3558 3.0194 1.3395 43.0495 0.0906 0.0593
0.3558 3.0194 1.3395 73.4781 0.1353 0.1116
0.3558 3.0194 1.3395 104.7187 0.2028 0.2119
0.3558 3.0194 1.3395 133.2735 0.0643 0.1860
0.3558 3.0194 1.3395 165.6245 -0.0501 0.1451
0.3558 3.0194 1.3395 194.4875 0.1574 0.1971
0.3558 3.0194 1.3395 222.6930 -0.1248 0.1539
0.3558 3.0194 1.3395 257.0595 -0.0807 0.1772
0.3558 3.0194 1.3395 287.2497 -0.2338 0.1188
0.3558 3.0194 1.3395 317.9940 -0.0459 0.0669
0.3558 3.0194 1.3395 338.9096 -0.0252 0.0705
0.4471 2.7457 1.3234 17.8832 -0.0425 0.0634
0.4471 2.7457 1.3234 41.8204 0.1501 0.0934
0.4471 2.7457 1.3234 76.5442 0.0409 0.1010
0.4471 2.7457 1.3234 105.6343 0.0252 0.1418
0.4471 2.7457 1.3234 131.7227 0.0404 0.1608
0.4471 2.7457 1.3234 0.0000 0.0000 0.0000
0.4471 2.7457 1.3234 208.9105 -1.0578 0.9773
0.4471 2.7457 1.3234 228.2573 0.0931 0.2138
0.4471 2.7457 1.3234 256.2978 -0.1260 0.1143
0.4471 2.7457 1.3234 282.3540 -0.1241 0.1158
0.4471 2.7457 1.3234 317.9999 -0.0403 0.0938
0.4471 2.7457 1.3234 342.2324 -0.0489 0.0462
0.4759 3.3529 1.3210 18.5492 0.1444 0.0775
0.4759 3.3529 1.3210 43.6210 0.3425 0.0787
0.4759 3.3529 1.3210 70.5324 0.1459 0.1388
0.4759 3.3529 1.3210 106.9608 -0.0486 0.1073
0.4759 3.3529 1.3210 132.5643 0.0564 0.1207
0.4759 3.3529 1.3210 162.0803 0.1565 0.3667
0.4759 3.3529 1.3210 203.8512 -0.3586 0.4376
0.4759 3.3529 1.3210 227.3482 -0.0571 0.1304
0.4759 3.3529 1.3210 254.6396 -0.1299 0.1073
0.4759 3.3529 1.3210 287.0302 0.0296 0.1377
0.4759 3.3529 1.3210 316.6329 -0.1705 0.0766
0.4759 3.3529 1.3210 340.7574 -0.0394 0.0609
0.4962 3.9033 1.3100 19.5183 0.2013 0.0719
0.4962 3.9033 1.3100 43.3014 0.0446 0.0730
0.4962 3.9033 1.3100 71.2675 0.3466 0.1100
0.4962 3.9033 1.3100 103.9353 0.2457 0.1539
0.4962 3.9033 1.3100 132.2200 0.1205 0.1435
0.4962 3.9033 1.3100 164.4859 0.2041 0.2391
0.4962 3.9033 1.3100 196.3623 0.0478 0.3004
0.4962 3.9033 1.3100 227.7360 -0.3380 0.1371
0.4962 3.9033 1.3100 253.9041 -0.3501 0.1176
0.4962 3.9033 1.3100 287.8790 -0.2659 0.1263
0.4962 3.9033 1.3100 317.1911 -0.2546 0.0698
0.4962 3.9033 1.3100 338.9207 -0.1300 0.0746
