id = 142
editor = MC
#Feb. 2020

###Experiment

collaboration = HALLA
process = ep2epgamma
exptype = fixed target
year = 2018
#reference =  doi:10.1038/s41567-019-0774-3
inspiretex = Georges:2018kyi
reference2 = Table 1.1


### Scattering Process

frame = Trento

in1particle = e-
in1energyunit = GeV
in1polarizationvector = L
in1polarization = +1

in2particle = p

out1particle = e-
out2particle = p
out3particle = gamma


### Observable 
y1name = XLU
y1namelong = Beam Spin Difference Cross Section
y1unit = nb/GeV^4
y1value = column6
y1errorstatistic = column7
#y1errorsystematicplus = column6
#y1errorsystematicminus = column7


### x-axes

x1name = in1energy
x1unit = GeV
x1value = column1

x2name = xB
x2unit = 1
x2value = column2

x3name = Q2
x3unit = GeV^2
x3value = column3

x4name = t
x4unit = GeV^2
x4value = column4

x5name = phi
x5unit = deg
x5value = column5


###Data
#E      xB	    Q2	        t	         phi	    XUU	         errstat
###########################################################################
7.383	0.363	3.17		-0.2108		7.5			0.00342	0.002
7.383	0.363	3.17		-0.2108		22.5			0.0009889	0.0018
7.383	0.363	3.17		-0.2108		37.5			0.006148	0.0017
7.383	0.363	3.17		-0.2108		52.5			0.003598	0.0017
7.383	0.363	3.17		-0.2108		67.5			0.006038	0.0016
7.383	0.363	3.17		-0.2108		82.5			0.004234	0.0015
7.383	0.363	3.17		-0.2108		97.5			0.009706	0.0014
7.383	0.363	3.17		-0.2108		112.5			0.004897	0.0012
7.383	0.363	3.17		-0.2108		127.5			0.005587	0.0012
7.383	0.363	3.17		-0.2108		142.5			0.003237	0.0012
7.383	0.363	3.17		-0.2108		157.5			0.0006897	0.0012
7.383	0.363	3.17		-0.2108		172.5			0.002364	0.0012
7.383	0.363	3.17		-0.2108		187.5			0.0001134	0.0011
7.383	0.363	3.17		-0.2108		202.5			-0.001079	0.0011
7.383	0.363	3.17		-0.2108		217.5			-0.003052	0.0012
7.383	0.363	3.17		-0.2108		232.5			-0.004234	0.0012
7.383	0.363	3.17		-0.2108		247.5			-0.005019	0.0013
7.383	0.363	3.17		-0.2108		262.5			-0.007067	0.0013
7.383	0.363	3.17		-0.2108		277.5			-0.0061	0.0014
7.383	0.363	3.17		-0.2108		292.5			-0.008391	0.0016
7.383	0.363	3.17		-0.2108		307.5			-0.007903	0.0016
7.383	0.363	3.17		-0.2108		322.5			-0.006587	0.0017
7.383	0.363	3.17		-0.2108		337.5			-0.006561	0.0017
7.383	0.363	3.17		-0.2108		352.5			-0.0002516	0.0016
7.383	0.363	3.17		-0.2966		7.5			-0.0003221	0.002
7.383	0.363	3.17		-0.2966		22.5			1.109E-05	0.0018
7.383	0.363	3.17		-0.2966		37.5			0.008041	0.0017
7.383	0.363	3.17		-0.2966		52.5			0.007215	0.0015
7.383	0.363	3.17		-0.2966		67.5			0.006565	0.0013
7.383	0.363	3.17		-0.2966		82.5			0.006443	0.0011
7.383	0.363	3.17		-0.2966		97.5			0.002997	0.001
7.383	0.363	3.17		-0.2966		112.5			0.004323	0.00092
7.383	0.363	3.17		-0.2966		127.5			0.003521	0.00085
7.383	0.363	3.17		-0.2966		142.5			0.001548	0.00084
7.383	0.363	3.17		-0.2966		157.5			0.001149	0.00076
7.383	0.363	3.17		-0.2966		172.5			5.991E-07	0.00081
7.383	0.363	3.17		-0.2966		187.5			7.789E-05	0.00076
7.383	0.363	3.17		-0.2966		202.5			-0.0005743	0.0008
7.383	0.363	3.17		-0.2966		217.5			-0.001836	0.00088
7.383	0.363	3.17		-0.2966		232.5			-0.002612	0.00092
7.383	0.363	3.17		-0.2966		247.5			-0.004326	0.001
7.383	0.363	3.17		-0.2966		262.5			-0.004628	0.0011
7.383	0.363	3.17		-0.2966		277.5			-0.003643	0.0012
7.383	0.363	3.17		-0.2966		292.5			-0.005638	0.0014
7.383	0.363	3.17		-0.2966		307.5			-0.008139	0.0015
7.383	0.363	3.17		-0.2966		322.5			-0.005346	0.0017
7.383	0.363	3.17		-0.2966		337.5			-0.005403	0.0018
7.383	0.363	3.17		-0.2966		352.5			0.0003079	0.0019
7.383	0.365	3.18		-0.3849		7.5			0.0009495	0.003
7.383	0.365	3.18		-0.3849		22.5			0.00235	0.0024
7.383	0.365	3.18		-0.3849		37.5			0.004686	0.0018
7.383	0.365	3.18		-0.3849		52.5			0.00586	0.0014
7.383	0.365	3.18		-0.3849		67.5			0.003786	0.0012
7.383	0.365	3.18		-0.3849		82.5			0.003521	0.001
7.383	0.365	3.18		-0.3849		97.5			0.003474	0.00089
7.383	0.365	3.18		-0.3849		112.5			0.004273	0.0008
7.383	0.365	3.18		-0.3849		127.5			0.001541	0.00076
7.383	0.365	3.18		-0.3849		142.5			0.001465	0.00072
7.383	0.365	3.18		-0.3849		157.5			0.001019	0.00072
7.383	0.365	3.18		-0.3849		172.5			-0.0001904	0.00075
7.383	0.365	3.18		-0.3849		187.5			0.0002142	0.00068
7.383	0.365	3.18		-0.3849		202.5			-0.0003753	0.00077
7.383	0.365	3.18		-0.3849		217.5			-0.0005635	0.00074
7.383	0.365	3.18		-0.3849		232.5			-0.001593	0.00079
7.383	0.365	3.18		-0.3849		247.5			-0.003096	0.00087
7.383	0.365	3.18		-0.3849		262.5			-0.00297	0.00097
7.383	0.365	3.18		-0.3849		277.5			-0.004697	0.0011
7.383	0.365	3.18		-0.3849		292.5			-0.009123	0.0013
7.383	0.365	3.18		-0.3849		307.5			-0.007931	0.0015
7.383	0.365	3.18		-0.3849		322.5			-0.006384	0.0017
7.383	0.365	3.18		-0.3849		337.5			-0.005791	0.0022
7.383	0.365	3.18		-0.3849		352.5			-0.00337	0.0027
7.383	0.365	3.18		-0.4709		7.5			0.006224	0.0062
7.383	0.365	3.18		-0.4709		22.5			0.004903	0.0038
7.383	0.365	3.18		-0.4709		37.5			0.003147	0.0021
7.383	0.365	3.18		-0.4709		52.5			0.006032	0.0015
7.383	0.365	3.18		-0.4709		67.5			0.003604	0.0012
7.383	0.365	3.18		-0.4709		82.5			0.003158	0.001
7.383	0.365	3.18		-0.4709		97.5			0.002976	0.0009
7.383	0.365	3.18		-0.4709		112.5			0.002392	0.00078
7.383	0.365	3.18		-0.4709		127.5			0.00154	0.00071
7.383	0.365	3.18		-0.4709		142.5			0.001267	0.0007
7.383	0.365	3.18		-0.4709		157.5			0.0002594	0.00072
7.383	0.365	3.18		-0.4709		172.5			0.0006903	0.00083
7.383	0.365	3.18		-0.4709		187.5			-0.000246	0.00077
7.383	0.365	3.18		-0.4709		202.5			-0.00114	0.0008
7.383	0.365	3.18		-0.4709		217.5			-0.001098	0.00077
7.383	0.365	3.18		-0.4709		232.5			-0.001431	0.00074
7.383	0.365	3.18		-0.4709		247.5			-0.002435	0.0008
7.383	0.365	3.18		-0.4709		262.5			-0.001657	0.0009
7.383	0.365	3.18		-0.4709		277.5			-0.004682	0.0011
7.383	0.365	3.18		-0.4709		292.5			-0.004773	0.0013
7.383	0.365	3.18		-0.4709		307.5			-0.004995	0.0016
7.383	0.365	3.18		-0.4709		322.5			-0.001836	0.002
7.383	0.365	3.18		-0.4709		337.5			-0.005144	0.0034
7.383	0.365	3.18		-0.4709		352.5			0.002907	0.0056
7.383	0.364	3.18		-0.5858		7.5			-0.01009	0.026
7.383	0.364	3.18		-0.5858		22.5			0.004382	0.0097
7.383	0.364	3.18		-0.5858		37.5			0.005506	0.0025
7.383	0.364	3.18		-0.5858		52.5			0.002224	0.0013
7.383	0.364	3.18		-0.5858		67.5			0.003253	0.00097
7.383	0.364	3.18		-0.5858		82.5			0.001577	0.00084
7.383	0.364	3.18		-0.5858		97.5			0.0003562	0.00071
7.383	0.364	3.18		-0.5858		112.5			0.0008768	0.00058
7.383	0.364	3.18		-0.5858		127.5			0.0006813	0.00049
7.383	0.364	3.18		-0.5858		142.5			0.001158	0.00054
7.383	0.364	3.18		-0.5858		157.5			0.0009459	0.00073
7.383	0.364	3.18		-0.5858		172.5			0.0004705	0.00087
7.383	0.364	3.18		-0.5858		187.5			-0.0002343	0.00093
7.383	0.364	3.18		-0.5858		202.5			-0.001475	0.00077
7.383	0.364	3.18		-0.5858		217.5			-0.001114	0.00059
7.383	0.364	3.18		-0.5858		232.5			-0.0003196	0.00056
7.383	0.364	3.18		-0.5858		247.5			-0.001751	0.00058
7.383	0.364	3.18		-0.5858		262.5			-0.0033	0.00076
7.383	0.364	3.18		-0.5858		277.5			-0.002589	0.00091
7.383	0.364	3.18		-0.5858		292.5			-0.003035	0.0011
7.383	0.364	3.18		-0.5858		307.5			-0.004004	0.0016
7.383	0.364	3.18		-0.5858		322.5			-0.004001	0.0027
7.383	0.364	3.18		-0.5858		337.5			-0.009004	0.0088
7.383	0.364	3.18		-0.5858		352.5			-0.001087	0.032
8.521	0.367	3.65		-0.2046		7.5			4.666E-05	0.0008
8.521	0.367	3.65		-0.2046		22.5			0.001999	0.0009
8.521	0.367	3.65		-0.2046		37.5			0.001209	0.00094
8.521	0.367	3.65		-0.2046		52.5			0.002505	0.00093
8.521	0.367	3.65		-0.2046		67.5			0.005241	0.00093
8.521	0.367	3.65		-0.2046		82.5			0.004468	0.00088
8.521	0.367	3.65		-0.2046		97.5			0.005037	0.00087
8.521	0.367	3.65		-0.2046		112.5			0.003657	0.00083
8.521	0.367	3.65		-0.2046		127.5			0.00255	0.0008
8.521	0.367	3.65		-0.2046		142.5			0.00211	0.00074
8.521	0.367	3.65		-0.2046		157.5			0.001803	0.00069
8.521	0.367	3.65		-0.2046		172.5			0.0003159	0.00057
8.521	0.367	3.65		-0.2046		187.5			-0.001591	0.0011
8.521	0.367	3.65		-0.2046		202.5			-0.0007655	0.00088
8.521	0.367	3.65		-0.2046		217.5			-0.0009841	0.00082
8.521	0.367	3.65		-0.2046		232.5			-0.005456	0.00086
8.521	0.367	3.65		-0.2046		247.5			-0.002483	0.00086
8.521	0.367	3.65		-0.2046		262.5			-0.004165	0.00094
8.521	0.367	3.65		-0.2046		277.5			-0.003375	0.00099
8.521	0.367	3.65		-0.2046		292.5			-0.004764	0.001
8.521	0.367	3.65		-0.2046		307.5			-0.003033	0.001
8.521	0.367	3.65		-0.2046		322.5			-0.003329	0.0011
8.521	0.367	3.65		-0.2046		337.5			0.0006946	0.0011
8.521	0.367	3.65		-0.2046		352.5			0.004059	0.0015
8.521	0.367	3.65		-0.2658		7.5			0.0001053	0.001
8.521	0.367	3.65		-0.2658		22.5			0.0003361	0.001
8.521	0.367	3.65		-0.2658		37.5			0.004071	0.00096
8.521	0.367	3.65		-0.2658		52.5			0.00455	0.0009
8.521	0.367	3.65		-0.2658		67.5			0.005221	0.00085
8.521	0.367	3.65		-0.2658		82.5			0.004543	0.00075
8.521	0.367	3.65		-0.2658		97.5			0.004177	0.00071
8.521	0.367	3.65		-0.2658		112.5			0.003218	0.00063
8.521	0.367	3.65		-0.2658		127.5			0.001835	0.00063
8.521	0.367	3.65		-0.2658		142.5			0.002156	0.00057
8.521	0.367	3.65		-0.2658		157.5			0.0008436	0.00051
8.521	0.367	3.65		-0.2658		172.5			0.0001414	0.00046
8.521	0.367	3.65		-0.2658		187.5			-0.0004042	0.00065
8.521	0.367	3.65		-0.2658		202.5			-0.0008669	0.00062
8.521	0.367	3.65		-0.2658		217.5			-0.001934	0.00063
8.521	0.367	3.65		-0.2658		232.5			-0.002309	0.00064
8.521	0.367	3.65		-0.2658		247.5			-0.003005	0.00068
8.521	0.367	3.65		-0.2658		262.5			-0.003793	0.00072
8.521	0.367	3.65		-0.2658		277.5			-0.002467	0.00078
8.521	0.367	3.65		-0.2658		292.5			-0.004928	0.00088
8.521	0.367	3.65		-0.2658		307.5			-0.004255	0.00094
8.521	0.367	3.65		-0.2658		322.5			-0.003653	0.001
8.521	0.367	3.65		-0.2658		337.5			-0.00225	0.0012
8.521	0.367	3.65		-0.2658		352.5			-0.001463	0.0014
8.521	0.369	3.67		-0.3303		7.5			0.001896	0.0014
8.521	0.369	3.67		-0.3303		22.5			0.00465	0.0012
8.521	0.369	3.67		-0.3303		37.5			0.004616	0.001
8.521	0.369	3.67		-0.3303		52.5			0.003326	0.00089
8.521	0.369	3.67		-0.3303		67.5			0.004306	0.00078
8.521	0.369	3.67		-0.3303		82.5			0.003037	0.00068
8.521	0.369	3.67		-0.3303		97.5			0.00365	0.00063
8.521	0.369	3.67		-0.3303		112.5			0.001946	0.00058
8.521	0.369	3.67		-0.3303		127.5			0.001445	0.00053
8.521	0.369	3.67		-0.3303		142.5			0.001363	0.00048
8.521	0.369	3.67		-0.3303		157.5			0.00129	0.00048
8.521	0.369	3.67		-0.3303		172.5			-4.1E-05	0.00042
8.521	0.369	3.67		-0.3303		187.5			-0.0003286	0.00057
8.521	0.369	3.67		-0.3303		202.5			6.296E-05	0.00053
8.521	0.369	3.67		-0.3303		217.5			-0.001303	0.00054
8.521	0.369	3.67		-0.3303		232.5			-0.001883	0.00057
8.521	0.369	3.67		-0.3303		247.5			-0.002729	0.00061
8.521	0.369	3.67		-0.3303		262.5			-0.002309	0.00066
8.521	0.369	3.67		-0.3303		277.5			-0.003519	0.00072
8.521	0.369	3.67		-0.3303		292.5			-0.004685	0.00081
8.521	0.369	3.67		-0.3303		307.5			-0.003108	0.0009
8.521	0.369	3.67		-0.3303		322.5			-0.004027	0.0011
8.521	0.369	3.67		-0.3303		337.5			-0.0003989	0.0014
8.521	0.369	3.67		-0.3303		352.5			-0.0006724	0.0018
8.521	0.37	3.68		-0.3925		7.5			-0.002231	0.0026
8.521	0.37	3.68		-0.3925		22.5			0.0008088	0.0019
8.521	0.37	3.68		-0.3925		37.5			0.003882	0.0012
8.521	0.37	3.68		-0.3925		52.5			0.002573	0.00092
8.521	0.37	3.68		-0.3925		67.5			0.00387	0.00078
8.521	0.37	3.68		-0.3925		82.5			0.002269	0.00065
8.521	0.37	3.68		-0.3925		97.5			0.002122	0.00059
8.521	0.37	3.68		-0.3925		112.5			0.002092	0.00051
8.521	0.37	3.68		-0.3925		127.5			0.001562	0.00047
8.521	0.37	3.68		-0.3925		142.5			0.001475	0.00043
8.521	0.37	3.68		-0.3925		157.5			-8.164E-05	0.00044
8.521	0.37	3.68		-0.3925		172.5			0.0003328	0.00042
8.521	0.37	3.68		-0.3925		187.5			-0.0001176	0.00051
8.521	0.37	3.68		-0.3925		202.5			-0.0005786	0.00048
8.521	0.37	3.68		-0.3925		217.5			-0.00139	0.00052
8.521	0.37	3.68		-0.3925		232.5			-0.0009979	0.00049
8.521	0.37	3.68		-0.3925		247.5			-0.0016	0.00055
8.521	0.37	3.68		-0.3925		262.5			-0.00237	0.00062
8.521	0.37	3.68		-0.3925		277.5			-0.002732	0.00065
8.521	0.37	3.68		-0.3925		292.5			-0.003107	0.00078
8.521	0.37	3.68		-0.3925		307.5			-0.006048	0.0009
8.521	0.37	3.68		-0.3925		322.5			-0.002581	0.0012
8.521	0.37	3.68		-0.3925		337.5			-0.003175	0.002
8.521	0.37	3.68		-0.3925		352.5			-0.0001911	0.0032
8.521	0.37	3.68		-0.4805		7.5			0.000676	0.0053
8.521	0.37	3.68		-0.4805		22.5			0.003454	0.0026
8.521	0.37	3.68		-0.4805		37.5			0.004224	0.0013
8.521	0.37	3.68		-0.4805		52.5			0.001467	0.00078
8.521	0.37	3.68		-0.4805		67.5			0.002391	0.0006
8.521	0.37	3.68		-0.4805		82.5			0.002364	0.00049
8.521	0.37	3.68		-0.4805		97.5			0.001787	0.00043
8.521	0.37	3.68		-0.4805		112.5			0.001539	0.00036
8.521	0.37	3.68		-0.4805		127.5			0.0007263	0.0003
8.521	0.37	3.68		-0.4805		142.5			0.001201	0.00031
8.521	0.37	3.68		-0.4805		157.5			0.0001087	0.00032
8.521	0.37	3.68		-0.4805		172.5			0.0004762	0.00029
8.521	0.37	3.68		-0.4805		187.5			-0.0001236	0.00037
8.521	0.37	3.68		-0.4805		202.5			-0.0007787	0.00034
8.521	0.37	3.68		-0.4805		217.5			-0.001022	0.00033
8.521	0.37	3.68		-0.4805		232.5			-0.0008877	0.00033
8.521	0.37	3.68		-0.4805		247.5			-0.001781	0.00037
8.521	0.37	3.68		-0.4805		262.5			-0.0016	0.00043
8.521	0.37	3.68		-0.4805		277.5			-0.002223	0.00046
8.521	0.37	3.68		-0.4805		292.5			-0.002532	0.00058
8.521	0.37	3.68		-0.4805		307.5			-0.002545	0.00076
8.521	0.37	3.68		-0.4805		322.5			-0.00261	0.0013
8.521	0.37	3.68		-0.4805		337.5			-0.003865	0.0026
8.521	0.37	3.68		-0.4805		352.5			0.008178	0.0066
10.591	0.369	4.53		-0.2094		7.5			0.001168	0.00066
10.591	0.369	4.53		-0.2094		22.5			0.001213	0.00068
10.591	0.369	4.53		-0.2094		37.5			0.001715	0.00067
10.591	0.369	4.53		-0.2094		52.5			0.002149	0.00065
10.591	0.369	4.53		-0.2094		67.5			0.001594	0.00064
10.591	0.369	4.53		-0.2094		82.5			0.001867	0.00062
10.591	0.369	4.53		-0.2094		97.5			0.0007955	0.00055
10.591	0.369	4.53		-0.2094		112.5			0.002048	0.00055
10.591	0.369	4.53		-0.2094		127.5			0.001103	0.00055
10.591	0.369	4.53		-0.2094		142.5			0.001757	0.00052
10.591	0.369	4.53		-0.2094		157.5			0.00069	0.00053
10.591	0.369	4.53		-0.2094		172.5			-0.0002661	0.00049
10.591	0.369	4.53		-0.2094		187.5			-0.0007989	0.00056
10.591	0.369	4.53		-0.2094		202.5			7.796E-05	0.00057
10.591	0.369	4.53		-0.2094		217.5			-0.0002857	0.00056
10.591	0.369	4.53		-0.2094		232.5			-0.001987	0.0006
10.591	0.369	4.53		-0.2094		247.5			-0.001328	0.0006
10.591	0.369	4.53		-0.2094		262.5			-0.001544	0.00061
10.591	0.369	4.53		-0.2094		277.5			-0.003143	0.00063
10.591	0.369	4.53		-0.2094		292.5			-0.0004291	0.00066
10.591	0.369	4.53		-0.2094		307.5			-0.002192	0.00067
10.591	0.369	4.53		-0.2094		322.5			-0.00185	0.0007
10.591	0.369	4.53		-0.2094		337.5			-0.0005417	0.00074
10.591	0.369	4.53		-0.2094		352.5			-0.0007057	0.00075
10.591	0.37	4.55		-0.2719		7.5			0.0007314	0.00082
10.591	0.37	4.55		-0.2719		22.5			0.002187	0.00075
10.591	0.37	4.55		-0.2719		37.5			0.001026	0.00063
10.591	0.37	4.55		-0.2719		52.5			0.001896	0.00059
10.591	0.37	4.55		-0.2719		67.5			0.003003	0.00057
10.591	0.37	4.55		-0.2719		82.5			0.003644	0.00053
10.591	0.37	4.55		-0.2719		97.5			0.002105	0.00051
10.591	0.37	4.55		-0.2719		112.5			0.001023	0.00048
10.591	0.37	4.55		-0.2719		127.5			0.002052	0.00047
10.591	0.37	4.55		-0.2719		142.5			0.001129	0.00044
10.591	0.37	4.55		-0.2719		157.5			-0.0002656	0.00043
10.591	0.37	4.55		-0.2719		172.5			0.0004071	0.00039
10.591	0.37	4.55		-0.2719		187.5			0.0007945	0.00045
10.591	0.37	4.55		-0.2719		202.5			-0.0001438	0.00042
10.591	0.37	4.55		-0.2719		217.5			-0.001138	0.00048
10.591	0.37	4.55		-0.2719		232.5			-0.001613	0.00048
10.591	0.37	4.55		-0.2719		247.5			-0.001633	0.00049
10.591	0.37	4.55		-0.2719		262.5			-0.002365	0.00051
10.591	0.37	4.55		-0.2719		277.5			-0.001941	0.00055
10.591	0.37	4.55		-0.2719		292.5			-0.00353	0.00061
10.591	0.37	4.55		-0.2719		307.5			-0.001531	0.00063
10.591	0.37	4.55		-0.2719		322.5			-0.002669	0.00073
10.591	0.37	4.55		-0.2719		337.5			-0.0004734	0.00076
10.591	0.37	4.55		-0.2719		352.5			-0.0006543	0.00084
10.591	0.372	4.57		-0.3356		7.5			0.0001162	0.001
10.591	0.372	4.57		-0.3356		22.5			0.001108	0.00088
10.591	0.372	4.57		-0.3356		37.5			0.002602	0.00072
10.591	0.372	4.57		-0.3356		52.5			0.00294	0.0006
10.591	0.372	4.57		-0.3356		67.5			0.002231	0.00053
10.591	0.372	4.57		-0.3356		82.5			0.001947	0.00047
10.591	0.372	4.57		-0.3356		97.5			0.001063	0.00042
10.591	0.372	4.57		-0.3356		112.5			0.001095	0.00037
10.591	0.372	4.57		-0.3356		127.5			0.00118	0.00035
10.591	0.372	4.57		-0.3356		142.5			0.0005342	0.00034
10.591	0.372	4.57		-0.3356		157.5			0.0002274	0.00029
10.591	0.372	4.57		-0.3356		172.5			0.0003356	0.00029
10.591	0.372	4.57		-0.3356		187.5			-0.0001578	0.00029
10.591	0.372	4.57		-0.3356		202.5			-0.000373	0.00032
10.591	0.372	4.57		-0.3356		217.5			-0.0007056	0.00035
10.591	0.372	4.57		-0.3356		232.5			-0.0006508	0.00038
10.591	0.372	4.57		-0.3356		247.5			-0.001189	0.00043
10.591	0.372	4.57		-0.3356		262.5			-0.00115	0.00045
10.591	0.372	4.57		-0.3356		277.5			-0.001207	0.00047
10.591	0.372	4.57		-0.3356		292.5			-0.001576	0.00054
10.591	0.372	4.57		-0.3356		307.5			-0.002556	0.00062
10.591	0.372	4.57		-0.3356		322.5			-0.001293	0.00073
10.591	0.372	4.57		-0.3356		337.5			-0.0008986	0.0009
10.591	0.372	4.57		-0.3356		352.5			-0.0004121	0.0011
10.591	0.373	4.58		-0.3988		7.5			0.0005281	0.0015
10.591	0.373	4.58		-0.3988		22.5			0.001949	0.0012
10.591	0.373	4.58		-0.3988		37.5			0.001814	0.00085
10.591	0.373	4.58		-0.3988		52.5			0.001709	0.00067
10.591	0.373	4.58		-0.3988		67.5			0.001297	0.00055
10.591	0.373	4.58		-0.3988		82.5			0.001973	0.00051
10.591	0.373	4.58		-0.3988		97.5			0.001651	0.00043
10.591	0.373	4.58		-0.3988		112.5			0.001556	0.00039
10.591	0.373	4.58		-0.3988		127.5			0.001007	0.00034
10.591	0.373	4.58		-0.3988		142.5			0.0005498	0.00035
10.591	0.373	4.58		-0.3988		157.5			0.00112	0.00032
10.591	0.373	4.58		-0.3988		172.5			0.0003413	0.00032
10.591	0.373	4.58		-0.3988		187.5			-0.000244	0.00036
10.591	0.373	4.58		-0.3988		202.5			-3.915E-06	0.00033
10.591	0.373	4.58		-0.3988		217.5			-6.727E-05	0.00035
10.591	0.373	4.58		-0.3988		232.5			-0.001031	0.00037
10.591	0.373	4.58		-0.3988		247.5			-0.001142	0.00042
10.591	0.373	4.58		-0.3988		262.5			-0.0007779	0.00045
10.591	0.373	4.58		-0.3988		277.5			-0.001461	0.0005
10.591	0.373	4.58		-0.3988		292.5			-0.00269	0.00057
10.591	0.373	4.58		-0.3988		307.5			-0.002867	0.00067
10.591	0.373	4.58		-0.3988		322.5			-0.001553	0.00088
10.591	0.373	4.58		-0.3988		337.5			-0.002417	0.0012
10.591	0.373	4.58		-0.3988		352.5			0.001723	0.0017
10.591	0.371	4.57		-0.4834		7.5			-0.005395	0.003
10.591	0.371	4.57		-0.4834		22.5			0.0006117	0.0016
10.591	0.371	4.57		-0.4834		37.5			0.00209	0.00092
10.591	0.371	4.57		-0.4834		52.5			0.0007616	0.00059
10.591	0.371	4.57		-0.4834		67.5			0.000955	0.00044
10.591	0.371	4.57		-0.4834		82.5			0.001092	0.00036
10.591	0.371	4.57		-0.4834		97.5			0.001014	0.00031
10.591	0.371	4.57		-0.4834		112.5			0.0008507	0.00028
10.591	0.371	4.57		-0.4834		127.5			0.0007581	0.00024
10.591	0.371	4.57		-0.4834		142.5			0.0006041	0.00023
10.591	0.371	4.57		-0.4834		157.5			0.0002739	0.00022
10.591	0.371	4.57		-0.4834		172.5			0.0001677	0.00023
10.591	0.371	4.57		-0.4834		187.5			-0.000295	0.00023
10.591	0.371	4.57		-0.4834		202.5			-5.446E-05	0.00022
10.591	0.371	4.57		-0.4834		217.5			-0.0003527	0.00023
10.591	0.371	4.57		-0.4834		232.5			-0.0003681	0.00025
10.591	0.371	4.57		-0.4834		247.5			-0.001208	0.00029
10.591	0.371	4.57		-0.4834		262.5			-0.001388	0.00033
10.591	0.371	4.57		-0.4834		277.5			-0.001197	0.00036
10.591	0.371	4.57		-0.4834		292.5			-0.00258	0.00045
10.591	0.371	4.57		-0.4834		307.5			-0.001305	0.00057
10.591	0.371	4.57		-0.4834		322.5			-0.001866	0.00088
10.591	0.371	4.57		-0.4834		337.5			-0.004628	0.0017
10.591	0.371	4.57		-0.4834		352.5			0.001392	0.0031
4.487	0.483	2.71		-0.3481		7.5			-0.0005912	0.0019
4.487	0.483	2.71		-0.3481		22.5			0.001553	0.0021
4.487	0.483	2.71		-0.3481		37.5			-0.0001244	0.002
4.487	0.483	2.71		-0.3481		52.5			0.001401	0.002
4.487	0.483	2.71		-0.3481		67.5			-0.001354	0.002
4.487	0.483	2.71		-0.3481		82.5			0.002246	0.0019
4.487	0.483	2.71		-0.3481		97.5			-6.433E-05	0.0018
4.487	0.483	2.71		-0.3481		112.5			0.001399	0.0019
4.487	0.483	2.71		-0.3481		127.5			0.0009683	0.0019
4.487	0.483	2.71		-0.3481		142.5			-0.0005443	0.0018
4.487	0.483	2.71		-0.3481		157.5			-0.0008722	0.0018
4.487	0.483	2.71		-0.3481		172.5			0.002924	0.0017
4.487	0.483	2.71		-0.3481		187.5			0.0001551	0.0024
4.487	0.483	2.71		-0.3481		202.5			-5.644E-05	0.0021
4.487	0.483	2.71		-0.3481		217.5			-0.0008169	0.002
4.487	0.483	2.71		-0.3481		232.5			-0.003247	0.0021
4.487	0.483	2.71		-0.3481		247.5			-0.0004242	0.0021
4.487	0.483	2.71		-0.3481		262.5			0.001999	0.0022
4.487	0.483	2.71		-0.3481		277.5			-0.002743	0.0022
4.487	0.483	2.71		-0.3481		292.5			-0.001346	0.0022
4.487	0.483	2.71		-0.3481		307.5			-0.005536	0.0023
4.487	0.483	2.71		-0.3481		322.5			0.003485	0.0024
4.487	0.483	2.71		-0.3481		337.5			-0.001545	0.0025
4.487	0.483	2.71		-0.3481		352.5			-8.652E-05	0.0029
4.487	0.483	2.71		-0.3906		7.5			-0.0003928	0.0037
4.487	0.483	2.71		-0.3906		22.5			-0.003695	0.0037
4.487	0.483	2.71		-0.3906		37.5			0.004045	0.0032
4.487	0.483	2.71		-0.3906		52.5			0.003825	0.0028
4.487	0.483	2.71		-0.3906		67.5			0.01015	0.0026
4.487	0.483	2.71		-0.3906		82.5			0.004776	0.0024
4.487	0.483	2.71		-0.3906		97.5			0.006057	0.0023
4.487	0.483	2.71		-0.3906		112.5			0.002481	0.0023
4.487	0.483	2.71		-0.3906		127.5			0.002932	0.0021
4.487	0.483	2.71		-0.3906		142.5			0.002712	0.002
4.487	0.483	2.71		-0.3906		157.5			-0.001053	0.002
4.487	0.483	2.71		-0.3906		172.5			0.0001916	0.002
4.487	0.483	2.71		-0.3906		187.5			0.006906	0.0025
4.487	0.483	2.71		-0.3906		202.5			-0.0002902	0.0024
4.487	0.483	2.71		-0.3906		217.5			-0.002236	0.0024
4.487	0.483	2.71		-0.3906		232.5			-0.008006	0.0023
4.487	0.483	2.71		-0.3906		247.5			7.624E-05	0.0024
4.487	0.483	2.71		-0.3906		262.5			-0.006163	0.0026
4.487	0.483	2.71		-0.3906		277.5			-0.001978	0.0028
4.487	0.483	2.71		-0.3906		292.5			-0.002175	0.0029
4.487	0.483	2.71		-0.3906		307.5			-0.0003025	0.0032
4.487	0.483	2.71		-0.3906		322.5			-0.005398	0.0035
4.487	0.483	2.71		-0.3906		337.5			-0.005398	0.0037
4.487	0.483	2.71		-0.3906		352.5			-0.003832	0.0046
4.487	0.484	2.71		-0.4350		7.5			0.006684	0.0063
4.487	0.484	2.71		-0.4350		22.5			-0.002406	0.0053
4.487	0.484	2.71		-0.4350		37.5			0.002744	0.004
4.487	0.484	2.71		-0.4350		52.5			0.003714	0.003
4.487	0.484	2.71		-0.4350		67.5			0.003129	0.0025
4.487	0.484	2.71		-0.4350		82.5			0.00658	0.0023
4.487	0.484	2.71		-0.4350		97.5			-0.000314	0.0021
4.487	0.484	2.71		-0.4350		112.5			0.003626	0.0019
4.487	0.484	2.71		-0.4350		127.5			0.0006844	0.0017
4.487	0.484	2.71		-0.4350		142.5			0.002582	0.0016
4.487	0.484	2.71		-0.4350		157.5			0.0008536	0.0018
4.487	0.484	2.71		-0.4350		172.5			1.849E-05	0.0017
4.487	0.484	2.71		-0.4350		187.5			0.002045	0.002
4.487	0.484	2.71		-0.4350		202.5			-0.0003012	0.0019
4.487	0.484	2.71		-0.4350		217.5			0.001645	0.0018
4.487	0.484	2.71		-0.4350		232.5			-0.003823	0.002
4.487	0.484	2.71		-0.4350		247.5			-0.002394	0.002
4.487	0.484	2.71		-0.4350		262.5			-0.001578	0.0023
4.487	0.484	2.71		-0.4350		277.5			-0.003989	0.0025
4.487	0.484	2.71		-0.4350		292.5			-0.0005692	0.003
4.487	0.484	2.71		-0.4350		307.5			-0.001804	0.0034
4.487	0.484	2.71		-0.4350		322.5			-0.005353	0.0042
4.487	0.484	2.71		-0.4350		337.5			-0.005883	0.0054
4.487	0.484	2.71		-0.4350		352.5			-0.0022	0.007
4.487	0.485	2.71		-0.4797		7.5			-0.0003403	0.0019
4.487	0.485	2.71		-0.4797		22.5			0.001381	0.004
4.487	0.485	2.71		-0.4797		37.5			0.003211	0.003
4.487	0.485	2.71		-0.4797		52.5			-0.001585	0.0026
4.487	0.485	2.71		-0.4797		67.5			0.002612	0.0024
4.487	0.485	2.71		-0.4797		82.5			0.003974	0.0024
4.487	0.485	2.71		-0.4797		97.5			0.002617	0.0023
4.487	0.485	2.71		-0.4797		112.5			0.004347	0.002
4.487	0.485	2.71		-0.4797		127.5			0.001195	0.002
4.487	0.485	2.71		-0.4797		142.5			0.0001245	0.0021
4.487	0.485	2.71		-0.4797		157.5			0.002309	0.0023
4.487	0.485	2.71		-0.4797		172.5			0.002543	0.0025
4.487	0.485	2.71		-0.4797		187.5			0.004805	0.003
4.487	0.485	2.71		-0.4797		202.5			-0.008896	0.0026
4.487	0.485	2.71		-0.4797		217.5			-0.003437	0.0024
4.487	0.485	2.71		-0.4797		232.5			0.0001336	0.0023
4.487	0.485	2.71		-0.4797		247.5			-0.00331	0.0024
4.487	0.485	2.71		-0.4797		262.5			-0.004922	0.0026
4.487	0.485	2.71		-0.4797		277.5			-0.006523	0.0026
4.487	0.485	2.71		-0.4797		292.5			-0.005433	0.0028
4.487	0.485	2.71		-0.4797		307.5			-0.001264	0.003
4.487	0.485	2.71		-0.4797		322.5			0.001281	0.0036
4.487	0.485	2.71		-0.4797		337.5			-7.086E-05	0.0044
4.487	0.485	2.71		-0.4797		352.5			-5.466E-05	0.003
4.487	0.485	2.72		-0.5399		7.5			-0.1075	0.14
4.487	0.485	2.72		-0.5399		22.5			0.02154	0.029
4.487	0.485	2.72		-0.5399		37.5			0.004827	0.0074
4.487	0.485	2.72		-0.5399		52.5			0.003032	0.0031
4.487	0.485	2.72		-0.5399		67.5			0.003426	0.0022
4.487	0.485	2.72		-0.5399		82.5			0.0001781	0.0019
4.487	0.485	2.72		-0.5399		97.5			0.003256	0.0019
4.487	0.485	2.72		-0.5399		112.5			0.002783	0.0015
4.487	0.485	2.72		-0.5399		127.5			0.0007795	0.0013
4.487	0.485	2.72		-0.5399		142.5			0.002335	0.0014
4.487	0.485	2.72		-0.5399		157.5			-0.0003878	0.0016
4.487	0.485	2.72		-0.5399		172.5			0.00587	0.002
4.487	0.485	2.72		-0.5399		187.5			-0.0009223	0.0022
4.487	0.485	2.72		-0.5399		202.5			0.0008835	0.0017
4.487	0.485	2.72		-0.5399		217.5			-0.0005083	0.0015
4.487	0.485	2.72		-0.5399		232.5			-0.0005293	0.0016
4.487	0.485	2.72		-0.5399		247.5			-0.0009661	0.0016
4.487	0.485	2.72		-0.5399		262.5			-0.006099	0.0016
4.487	0.485	2.72		-0.5399		277.5			-0.003671	0.002
4.487	0.485	2.72		-0.5399		292.5			-0.007732	0.0024
4.487	0.485	2.72		-0.5399		307.5			-0.004168	0.0039
4.487	0.485	2.72		-0.5399		322.5			-0.0144	0.0079
4.487	0.485	2.72		-0.5399		337.5			-0.02318	0.038
4.487	0.485	2.72		-0.5399		352.5			-0.006482	0.12
8.851	0.497	4.5		-0.4098		7.5			2.222E-05	0.00032
8.851	0.497	4.5		-0.4098		22.5			0.0005429	0.00031
8.851	0.497	4.5		-0.4098		37.5			0.0001538	0.00027
8.851	0.497	4.5		-0.4098		52.5			-1.758E-05	0.00026
8.851	0.497	4.5		-0.4098		67.5			0.0002438	0.00024
8.851	0.497	4.5		-0.4098		82.5			0.000509	0.00025
8.851	0.497	4.5		-0.4098		97.5			0.0004945	0.00024
8.851	0.497	4.5		-0.4098		112.5			0.0003387	0.00022
8.851	0.497	4.5		-0.4098		127.5			0.0002745	0.00023
8.851	0.497	4.5		-0.4098		142.5			0.0001661	0.00022
8.851	0.497	4.5		-0.4098		157.5			-0.0001694	0.00022
8.851	0.497	4.5		-0.4098		172.5			-0.000302	0.00023
8.851	0.497	4.5		-0.4098		187.5			-8.386E-05	0.0002
8.851	0.497	4.5		-0.4098		202.5			-0.000182	0.00022
8.851	0.497	4.5		-0.4098		217.5			3.216E-06	0.00021
8.851	0.497	4.5		-0.4098		232.5			-0.0003909	0.00021
8.851	0.497	4.5		-0.4098		247.5			-0.0004671	0.00023
8.851	0.497	4.5		-0.4098		262.5			-0.0007404	0.00024
8.851	0.497	4.5		-0.4098		277.5			-0.0005999	0.00024
8.851	0.497	4.5		-0.4098		292.5			-0.0005461	0.00025
8.851	0.497	4.5		-0.4098		307.5			-0.0004212	0.00024
8.851	0.497	4.5		-0.4098		322.5			-0.0006256	0.00025
8.851	0.497	4.5		-0.4098		337.5			7.686E-05	0.00026
8.851	0.497	4.5		-0.4098		352.5			-7.159E-05	0.00026
8.851	0.501	4.53		-0.4796		7.5			0.0003497	0.00032
8.851	0.501	4.53		-0.4796		22.5			0.0002349	0.00028
8.851	0.501	4.53		-0.4796		37.5			0.0002097	0.00028
8.851	0.501	4.53		-0.4796		52.5			0.0005643	0.00024
8.851	0.501	4.53		-0.4796		67.5			0.0007843	0.00022
8.851	0.501	4.53		-0.4796		82.5			0.0004748	0.00021
8.851	0.501	4.53		-0.4796		97.5			0.0007841	0.00019
8.851	0.501	4.53		-0.4796		112.5			0.0005488	0.0002
8.851	0.501	4.53		-0.4796		127.5			0.0004733	0.00019
8.851	0.501	4.53		-0.4796		142.5			0.0005434	0.00019
8.851	0.501	4.53		-0.4796		157.5			0.0006747	0.00019
8.851	0.501	4.53		-0.4796		172.5			0.0001239	0.0002
8.851	0.501	4.53		-0.4796		187.5			0.0003905	0.00018
8.851	0.501	4.53		-0.4796		202.5			-0.0002997	0.00021
8.851	0.501	4.53		-0.4796		217.5			-0.0005735	0.00021
8.851	0.501	4.53		-0.4796		232.5			-0.0002187	0.0002
8.851	0.501	4.53		-0.4796		247.5			-7.212E-05	0.00021
8.851	0.501	4.53		-0.4796		262.5			-0.0002627	0.00022
8.851	0.501	4.53		-0.4796		277.5			-0.0005114	0.00022
8.851	0.501	4.53		-0.4796		292.5			-0.0005965	0.00023
8.851	0.501	4.53		-0.4796		307.5			-0.0004609	0.00023
8.851	0.501	4.53		-0.4796		322.5			-0.0003657	0.00026
8.851	0.501	4.53		-0.4796		337.5			-0.000447	0.00028
8.851	0.501	4.53		-0.4796		352.5			-6.768E-05	0.00029
8.851	0.504	4.56		-0.5475		7.5			0.0004051	0.0005
8.851	0.504	4.56		-0.5475		22.5			0.0002515	0.00045
8.851	0.504	4.56		-0.5475		37.5			0.0008044	0.00033
8.851	0.504	4.56		-0.5475		52.5			0.000593	0.00026
8.851	0.504	4.56		-0.5475		67.5			0.0004204	0.00022
8.851	0.504	4.56		-0.5475		82.5			0.0006357	0.00021
8.851	0.504	4.56		-0.5475		97.5			0.0003017	0.00018
8.851	0.504	4.56		-0.5475		112.5			0.0006423	0.00018
8.851	0.504	4.56		-0.5475		127.5			0.0005621	0.00017
8.851	0.504	4.56		-0.5475		142.5			0.0002308	0.00016
8.851	0.504	4.56		-0.5475		157.5			0.0005991	0.00017
8.851	0.504	4.56		-0.5475		172.5			0.0002254	0.00017
8.851	0.504	4.56		-0.5475		187.5			0.0002675	0.00018
8.851	0.504	4.56		-0.5475		202.5			-7.052E-05	0.00019
8.851	0.504	4.56		-0.5475		217.5			-7.53E-05	0.0002
8.851	0.504	4.56		-0.5475		232.5			-0.0003877	0.0002
8.851	0.504	4.56		-0.5475		247.5			-0.0001801	0.0002
8.851	0.504	4.56		-0.5475		262.5			-0.000388	0.00021
8.851	0.504	4.56		-0.5475		277.5			-0.000653	0.00022
8.851	0.504	4.56		-0.5475		292.5			-0.0009825	0.00023
8.851	0.504	4.56		-0.5475		307.5			-0.0007024	0.00027
8.851	0.504	4.56		-0.5475		322.5			-0.001084	0.00034
8.851	0.504	4.56		-0.5475		337.5			-0.0005947	0.00041
8.851	0.504	4.56		-0.5475		352.5			-0.0009124	0.00046
8.851	0.506	4.57		-0.6138		7.5			0.0004438	0.0006
8.851	0.506	4.57		-0.6138		22.5			-0.0002431	0.00055
8.851	0.506	4.57		-0.6138		37.5			0.0004768	0.00037
8.851	0.506	4.57		-0.6138		52.5			0.0005066	0.00029
8.851	0.506	4.57		-0.6138		67.5			0.0004357	0.00022
8.851	0.506	4.57		-0.6138		82.5			0.0002792	0.0002
8.851	0.506	4.57		-0.6138		97.5			0.0001549	0.00018
8.851	0.506	4.57		-0.6138		112.5			0.000382	0.00017
8.851	0.506	4.57		-0.6138		127.5			0.0003327	0.00016
8.851	0.506	4.57		-0.6138		142.5			0.0002748	0.00018
8.851	0.506	4.57		-0.6138		157.5			6.176E-05	0.00017
8.851	0.506	4.57		-0.6138		172.5			-0.000278	0.00019
8.851	0.506	4.57		-0.6138		187.5			0.0001169	0.0002
8.851	0.506	4.57		-0.6138		202.5			-3.432E-05	0.0002
8.851	0.506	4.57		-0.6138		217.5			2.146E-05	0.00021
8.851	0.506	4.57		-0.6138		232.5			-0.0006916	0.00021
8.851	0.506	4.57		-0.6138		247.5			-0.0006396	0.0002
8.851	0.506	4.57		-0.6138		262.5			-0.0005245	0.00021
8.851	0.506	4.57		-0.6138		277.5			-0.0005957	0.00021
8.851	0.506	4.57		-0.6138		292.5			-0.0002429	0.00023
8.851	0.506	4.57		-0.6138		307.5			-0.0009757	0.00028
8.851	0.506	4.57		-0.6138		322.5			-0.0007254	0.00036
8.851	0.506	4.57		-0.6138		337.5			9.679E-05	0.00048
8.851	0.506	4.57		-0.6138		352.5			5.8E-05	0.0006
8.851	0.508	4.59		-0.7073		7.5			-0.0003491	0.00081
8.851	0.508	4.59		-0.7073		22.5			0.001061	0.00065
8.851	0.508	4.59		-0.7073		37.5			0.0009193	0.00036
8.851	0.508	4.59		-0.7073		52.5			0.0004646	0.00023
8.851	0.508	4.59		-0.7073		67.5			0.0007062	0.00019
8.851	0.508	4.59		-0.7073		82.5			0.000391	0.00016
8.851	0.508	4.59		-0.7073		97.5			0.0002605	0.00015
8.851	0.508	4.59		-0.7073		112.5			0.0002583	0.00013
8.851	0.508	4.59		-0.7073		127.5			0.0002399	0.00012
8.851	0.508	4.59		-0.7073		142.5			0.0002786	0.00012
8.851	0.508	4.59		-0.7073		157.5			0.0002201	0.00014
8.851	0.508	4.59		-0.7073		172.5			0.0001086	0.00015
8.851	0.508	4.59		-0.7073		187.5			-0.0001712	0.00014
8.851	0.508	4.59		-0.7073		202.5			-0.000254	0.00015
8.851	0.508	4.59		-0.7073		217.5			-0.000309	0.00016
8.851	0.508	4.59		-0.7073		232.5			-0.0004818	0.00015
8.851	0.508	4.59		-0.7073		247.5			-0.0004935	0.00014
8.851	0.508	4.59		-0.7073		262.5			-0.0003857	0.00015
8.851	0.508	4.59		-0.7073		277.5			-0.0004842	0.00017
8.851	0.508	4.59		-0.7073		292.5			-0.0001196	0.0002
8.851	0.508	4.59		-0.7073		307.5			-0.0005166	0.00027
8.851	0.508	4.59		-0.7073		322.5			4.801E-05	0.00037
8.851	0.508	4.59		-0.7073		337.5			1.088E-05	0.00055
8.851	0.508	4.59		-0.7073		352.5			0.0004858	0.00067
8.847	0.482	5.33		-0.3854		7.5			-0.0004004	0.00038
8.847	0.482	5.33		-0.3854		22.5			0.0003896	0.00036
8.847	0.482	5.33		-0.3854		37.5			0.0009432	0.00033
8.847	0.482	5.33		-0.3854		52.5			0.0003257	0.00035
8.847	0.482	5.33		-0.3854		67.5			0.0003752	0.0003
8.847	0.482	5.33		-0.3854		82.5			0.0004479	0.0003
8.847	0.482	5.33		-0.3854		97.5			0.0004721	0.00028
8.847	0.482	5.33		-0.3854		112.5			0.0001964	0.00029
8.847	0.482	5.33		-0.3854		127.5			0.0005677	0.00027
8.847	0.482	5.33		-0.3854		142.5			0.0003933	0.00026
8.847	0.482	5.33		-0.3854		157.5			0.0001218	0.00027
8.847	0.482	5.33		-0.3854		172.5			-0.0001392	0.00027
8.847	0.482	5.33		-0.3854		187.5			0.0003964	0.00025
8.847	0.482	5.33		-0.3854		202.5			-0.0002175	0.00026
8.847	0.482	5.33		-0.3854		217.5			-0.0001105	0.00025
8.847	0.482	5.33		-0.3854		232.5			-0.0001232	0.00027
8.847	0.482	5.33		-0.3854		247.5			-0.0005398	0.00028
8.847	0.482	5.33		-0.3854		262.5			-0.0002913	0.00031
8.847	0.482	5.33		-0.3854		277.5			-0.0002413	0.00032
8.847	0.482	5.33		-0.3854		292.5			-0.0008387	0.00032
8.847	0.482	5.33		-0.3854		307.5			-8.086E-05	0.00034
8.847	0.482	5.33		-0.3854		322.5			7.939E-05	0.00035
8.847	0.482	5.33		-0.3854		337.5			-0.0002672	0.00035
8.847	0.482	5.33		-0.3854		352.5			-0.0001102	0.00034
8.847	0.483	5.34		-0.4456		7.5			0.0001831	0.00022
8.847	0.483	5.34		-0.4456		22.5			0.0002712	0.00023
8.847	0.483	5.34		-0.4456		37.5			0.0009197	0.00024
8.847	0.483	5.34		-0.4456		52.5			-5.756E-05	0.00023
8.847	0.483	5.34		-0.4456		67.5			0.0003744	0.00025
8.847	0.483	5.34		-0.4456		82.5			0.0005074	0.00026
8.847	0.483	5.34		-0.4456		97.5			0.0003547	0.00025
8.847	0.483	5.34		-0.4456		112.5			0.0009815	0.00023
8.847	0.483	5.34		-0.4456		127.5			0.0003125	0.00023
8.847	0.483	5.34		-0.4456		142.5			0.0002894	0.00023
8.847	0.483	5.34		-0.4456		157.5			0.000378	0.00022
8.847	0.483	5.34		-0.4456		172.5			8.149E-05	0.00025
8.847	0.483	5.34		-0.4456		187.5			-0.0001373	0.00024
8.847	0.483	5.34		-0.4456		202.5			-0.0002239	0.00025
8.847	0.483	5.34		-0.4456		217.5			-0.0005289	0.00022
8.847	0.483	5.34		-0.4456		232.5			-1.485E-05	0.00026
8.847	0.483	5.34		-0.4456		247.5			-0.0008234	0.00027
8.847	0.483	5.34		-0.4456		262.5			-0.0003498	0.00026
8.847	0.483	5.34		-0.4456		277.5			-0.0002485	0.00027
8.847	0.483	5.34		-0.4456		292.5			-0.000332	0.00027
8.847	0.483	5.34		-0.4456		307.5			0.0002303	0.00026
8.847	0.483	5.34		-0.4456		322.5			-0.0003346	0.00024
8.847	0.483	5.34		-0.4456		337.5			-0.0002804	0.00022
8.847	0.483	5.34		-0.4456		352.5			0.0001292	0.00021
8.847	0.485	5.36		-0.5085		7.5			-6.358E-05	0.00062
8.847	0.485	5.36		-0.5085		22.5			0.0005973	0.00049
8.847	0.485	5.36		-0.5085		37.5			0.0003852	0.00039
8.847	0.485	5.36		-0.5085		52.5			0.001287	0.00031
8.847	0.485	5.36		-0.5085		67.5			0.001247	0.00027
8.847	0.485	5.36		-0.5085		82.5			7.609E-05	0.00024
8.847	0.485	5.36		-0.5085		97.5			0.0003708	0.00024
8.847	0.485	5.36		-0.5085		112.5			0.0004453	0.00022
8.847	0.485	5.36		-0.5085		127.5			-3.895E-05	0.00018
8.847	0.485	5.36		-0.5085		142.5			0.000185	0.00017
8.847	0.485	5.36		-0.5085		157.5			3.574E-05	0.00017
8.847	0.485	5.36		-0.5085		172.5			0.0002127	0.00016
8.847	0.485	5.36		-0.5085		187.5			-0.0003376	0.00017
8.847	0.485	5.36		-0.5085		202.5			-9.488E-05	0.00017
8.847	0.485	5.36		-0.5085		217.5			-0.0001333	0.00018
8.847	0.485	5.36		-0.5085		232.5			-0.0005983	0.00021
8.847	0.485	5.36		-0.5085		247.5			-0.000362	0.00022
8.847	0.485	5.36		-0.5085		262.5			-0.000481	0.00026
8.847	0.485	5.36		-0.5085		277.5			-0.0007188	0.00029
8.847	0.485	5.36		-0.5085		292.5			-0.0009429	0.0003
8.847	0.485	5.36		-0.5085		307.5			-0.001441	0.00034
8.847	0.485	5.36		-0.5085		322.5			-0.0007309	0.00043
8.847	0.485	5.36		-0.5085		337.5			0.0003254	0.00051
8.847	0.485	5.36		-0.5085		352.5			-7.881E-05	0.0006
8.847	0.486	5.37		-0.5696		7.5			0.0001296	0.00089
8.847	0.486	5.37		-0.5696		22.5			-0.0001579	0.00057
8.847	0.486	5.37		-0.5696		37.5			0.0009083	0.00042
8.847	0.486	5.37		-0.5696		52.5			0.0008125	0.00032
8.847	0.486	5.37		-0.5696		67.5			0.00115	0.00026
8.847	0.486	5.37		-0.5696		82.5			0.0002403	0.00024
8.847	0.486	5.37		-0.5696		97.5			0.0002116	0.00022
8.847	0.486	5.37		-0.5696		112.5			0.0003538	0.00021
8.847	0.486	5.37		-0.5696		127.5			0.0005143	0.00022
8.847	0.486	5.37		-0.5696		142.5			0.000261	0.0002
8.847	0.486	5.37		-0.5696		157.5			-9.3E-05	0.0002
8.847	0.486	5.37		-0.5696		172.5			0.0001415	0.00022
8.847	0.486	5.37		-0.5696		187.5			0.0002266	0.00022
8.847	0.486	5.37		-0.5696		202.5			-0.0005142	0.0002
8.847	0.486	5.37		-0.5696		217.5			-0.000558	0.00021
8.847	0.486	5.37		-0.5696		232.5			-0.0003065	0.00023
8.847	0.486	5.37		-0.5696		247.5			-0.0002672	0.00022
8.847	0.486	5.37		-0.5696		262.5			-0.0006034	0.00024
8.847	0.486	5.37		-0.5696		277.5			-2.301E-05	0.00025
8.847	0.486	5.37		-0.5696		292.5			-0.0003808	0.00029
8.847	0.486	5.37		-0.5696		307.5			-0.0007509	0.00032
8.847	0.486	5.37		-0.5696		322.5			-0.0006481	0.00044
8.847	0.486	5.37		-0.5696		337.5			0.0005383	0.00074
8.847	0.486	5.37		-0.5696		352.5			-0.0007104	0.00088
8.847	0.486	5.38		-0.6547		7.5			0.001634	0.0022
8.847	0.486	5.38		-0.6547		22.5			0.0001165	0.00088
8.847	0.486	5.38		-0.6547		37.5			0.0009365	0.00042
8.847	0.486	5.38		-0.6547		52.5			0.0001283	0.00029
8.847	0.486	5.38		-0.6547		67.5			0.0008178	0.00021
8.847	0.486	5.38		-0.6547		82.5			0.0002235	0.00018
8.847	0.486	5.38		-0.6547		97.5			0.0003564	0.00016
8.847	0.486	5.38		-0.6547		112.5			1.749E-05	0.00014
8.847	0.486	5.38		-0.6547		127.5			0.0001215	0.00012
8.847	0.486	5.38		-0.6547		142.5			0.0001577	0.0001
8.847	0.486	5.38		-0.6547		157.5			-7.184E-05	0.00011
8.847	0.486	5.38		-0.6547		172.5			-1.526E-05	0.00012
8.847	0.486	5.38		-0.6547		187.5			-0.0001572	0.00011
8.847	0.486	5.38		-0.6547		202.5			-1.702E-05	0.00012
8.847	0.486	5.38		-0.6547		217.5			8.486E-06	0.0001
8.847	0.486	5.38		-0.6547		232.5			3.225E-05	0.00013
8.847	0.486	5.38		-0.6547		247.5			-0.0003809	0.00015
8.847	0.486	5.38		-0.6547		262.5			-0.0003726	0.00017
8.847	0.486	5.38		-0.6547		277.5			-0.0006452	0.00019
8.847	0.486	5.38		-0.6547		292.5			-0.000421	0.00024
8.847	0.486	5.38		-0.6547		307.5			-0.0006407	0.00031
8.847	0.486	5.38		-0.6547		322.5			0.0004874	0.00055
8.847	0.486	5.38		-0.6547		337.5			0.0002966	0.001
8.847	0.486	5.38		-0.6547		352.5			0.0008581	0.0013
10.992	0.494	7.04		-0.4325		7.5			0.0003058	0.00014
10.992	0.494	7.04		-0.4325		22.5			0.0003722	0.00014
10.992	0.494	7.04		-0.4325		37.5			0.0002818	0.00013
10.992	0.494	7.04		-0.4325		52.5			3.319E-05	0.00012
10.992	0.494	7.04		-0.4325		67.5			0.0002896	0.00011
10.992	0.494	7.04		-0.4325		82.5			0.0002797	0.00011
10.992	0.494	7.04		-0.4325		97.5			0.0002487	0.0001
10.992	0.494	7.04		-0.4325		112.5			0.0001823	9.7E-05
10.992	0.494	7.04		-0.4325		127.5			0.0001806	0.0001
10.992	0.494	7.04		-0.4325		142.5			0.0001596	0.0001
10.992	0.494	7.04		-0.4325		157.5			0.0002363	9.7E-05
10.992	0.494	7.04		-0.4325		172.5			-9.043E-05	0.0001
10.992	0.494	7.04		-0.4325		187.5			9.729E-05	9.1E-05
10.992	0.494	7.04		-0.4325		202.5			-3.8E-05	9.9E-05
10.992	0.494	7.04		-0.4325		217.5			-8.543E-05	9.9E-05
10.992	0.494	7.04		-0.4325		232.5			-0.0001808	0.0001
10.992	0.494	7.04		-0.4325		247.5			-0.0001001	0.00011
10.992	0.494	7.04		-0.4325		262.5			-0.0003364	0.00011
10.992	0.494	7.04		-0.4325		277.5			-0.0002129	0.00011
10.992	0.494	7.04		-0.4325		292.5			-8.519E-05	0.00012
10.992	0.494	7.04		-0.4325		307.5			-0.0001661	0.00012
10.992	0.494	7.04		-0.4325		322.5			-0.0003615	0.00013
10.992	0.494	7.04		-0.4325		337.5			5.202E-05	0.00013
10.992	0.494	7.04		-0.4325		352.5			0.0001307	0.00014
10.992	0.498	7.09		-0.5256		7.5			0.0001924	0.0002
10.992	0.498	7.09		-0.5256		22.5			0.0004131	0.00016
10.992	0.498	7.09		-0.5256		37.5			9.873E-05	0.00014
10.992	0.498	7.09		-0.5256		52.5			0.0002559	0.00012
10.992	0.498	7.09		-0.5256		67.5			0.0001817	0.0001
10.992	0.498	7.09		-0.5256		82.5			0.0002784	9.4E-05
10.992	0.498	7.09		-0.5256		97.5			0.0002894	8.2E-05
10.992	0.498	7.09		-0.5256		112.5			0.0002823	8.4E-05
10.992	0.498	7.09		-0.5256		127.5			5.108E-05	8E-05
10.992	0.498	7.09		-0.5256		142.5			0.0001716	7.8E-05
10.992	0.498	7.09		-0.5256		157.5			0.0001625	7.5E-05
10.992	0.498	7.09		-0.5256		172.5			0.0001174	7.7E-05
10.992	0.498	7.09		-0.5256		187.5			-2.151E-05	7.2E-05
10.992	0.498	7.09		-0.5256		202.5			-0.0001661	7.9E-05
10.992	0.498	7.09		-0.5256		217.5			-0.0001072	8.5E-05
10.992	0.498	7.09		-0.5256		232.5			-0.0002062	8.3E-05
10.992	0.498	7.09		-0.5256		247.5			-0.0002301	9E-05
10.992	0.498	7.09		-0.5256		262.5			-0.0001973	9.2E-05
10.992	0.498	7.09		-0.5256		277.5			-0.0003044	9.8E-05
10.992	0.498	7.09		-0.5256		292.5			-0.000367	0.0001
10.992	0.498	7.09		-0.5256		307.5			-0.0003696	0.00012
10.992	0.498	7.09		-0.5256		322.5			-0.0001248	0.00013
10.992	0.498	7.09		-0.5256		337.5			-0.0003423	0.00017
10.992	0.498	7.09		-0.5256		352.5			-5.316E-05	0.00019
10.992	0.499	7.12		-0.6129		7.5			-5.544E-05	0.00033
10.992	0.499	7.12		-0.6129		22.5			0.000529	0.00024
10.992	0.499	7.12		-0.6129		37.5			-1.087E-05	0.00016
10.992	0.499	7.12		-0.6129		52.5			0.0005874	0.00012
10.992	0.499	7.12		-0.6129		67.5			0.0003438	9.2E-05
10.992	0.499	7.12		-0.6129		82.5			0.0002462	8.4E-05
10.992	0.499	7.12		-0.6129		97.5			0.0002785	7.6E-05
10.992	0.499	7.12		-0.6129		112.5			4.946E-05	6.9E-05
10.992	0.499	7.12		-0.6129		127.5			0.000101	6.5E-05
10.992	0.499	7.12		-0.6129		142.5			0.0002378	6.8E-05
10.992	0.499	7.12		-0.6129		157.5			0.0001993	6.9E-05
10.992	0.499	7.12		-0.6129		172.5			2.26E-05	6.6E-05
10.992	0.499	7.12		-0.6129		187.5			-2.576E-05	6.7E-05
10.992	0.499	7.12		-0.6129		202.5			-3.092E-06	7.5E-05
10.992	0.499	7.12		-0.6129		217.5			-0.0001263	6.9E-05
10.992	0.499	7.12		-0.6129		232.5			-0.0002327	7.8E-05
10.992	0.499	7.12		-0.6129		247.5			-0.0001777	8E-05
10.992	0.499	7.12		-0.6129		262.5			-0.0003364	8.6E-05
10.992	0.499	7.12		-0.6129		277.5			-0.0002156	9.3E-05
10.992	0.499	7.12		-0.6129		292.5			-0.0001865	9.6E-05
10.992	0.499	7.12		-0.6129		307.5			-0.0001606	0.00013
10.992	0.499	7.12		-0.6129		322.5			-3.32E-05	0.00016
10.992	0.499	7.12		-0.6129		337.5			-9.924E-05	0.00022
10.992	0.499	7.12		-0.6129		352.5			0.0003106	0.0003
10.992	0.499	7.11		-0.6979		7.5			-6.315E-05	0.00065
10.992	0.499	7.11		-0.6979		22.5			0.0001157	0.00041
10.992	0.499	7.11		-0.6979		37.5			0.0001993	0.00024
10.992	0.499	7.11		-0.6979		52.5			0.0001685	0.00012
10.992	0.499	7.11		-0.6979		67.5			0.0002559	8.9E-05
10.992	0.499	7.11		-0.6979		82.5			0.0002691	8.1E-05
10.992	0.499	7.11		-0.6979		97.5			0.0001611	7.7E-05
10.992	0.499	7.11		-0.6979		112.5			0.0001819	6.6E-05
10.992	0.499	7.11		-0.6979		127.5			0.0001793	6.2E-05
10.992	0.499	7.11		-0.6979		142.5			-1.628E-05	5.6E-05
10.992	0.499	7.11		-0.6979		157.5			0.000114	5.7E-05
10.992	0.499	7.11		-0.6979		172.5			-1.365E-05	5.9E-05
10.992	0.499	7.11		-0.6979		187.5			4.581E-05	5.9E-05
10.992	0.499	7.11		-0.6979		202.5			3.275E-05	6.1E-05
10.992	0.499	7.11		-0.6979		217.5			5.992E-06	6.4E-05
10.992	0.499	7.11		-0.6979		232.5			-0.0001808	7.1E-05
10.992	0.499	7.11		-0.6979		247.5			-0.0002641	7.4E-05
10.992	0.499	7.11		-0.6979		262.5			-0.0001453	8.5E-05
10.992	0.499	7.11		-0.6979		277.5			-0.0001526	8.4E-05
10.992	0.499	7.11		-0.6979		292.5			-0.000222	9.5E-05
10.992	0.499	7.11		-0.6979		307.5			-0.0002398	0.00013
10.992	0.499	7.11		-0.6979		322.5			-0.0003333	0.00021
10.992	0.499	7.11		-0.6979		337.5			0.0005172	0.00028
10.992	0.499	7.11		-0.6979		352.5			-0.0005604	0.00035
10.992	0.498	7.1		-0.8556		7.5			0.002021	0.0019
10.992	0.498	7.1		-0.8556		22.5			0.0003325	0.0008
10.992	0.498	7.1		-0.8556		37.5			-0.0001464	0.00023
10.992	0.498	7.1		-0.8556		52.5			0.000275	9.9E-05
10.992	0.498	7.1		-0.8556		67.5			0.0001496	5.9E-05
10.992	0.498	7.1		-0.8556		82.5			0.0002852	4.8E-05
10.992	0.498	7.1		-0.8556		97.5			0.0001256	4.1E-05
10.992	0.498	7.1		-0.8556		112.5			7.174E-05	3.4E-05
10.992	0.498	7.1		-0.8556		127.5			7.782E-05	2.8E-05
10.992	0.498	7.1		-0.8556		142.5			6.099E-05	2.9E-05
10.992	0.498	7.1		-0.8556		157.5			-8.262E-06	3E-05
10.992	0.498	7.1		-0.8556		172.5			4.207E-05	3.3E-05
10.992	0.498	7.1		-0.8556		187.5			-5.01E-05	3.6E-05
10.992	0.498	7.1		-0.8556		202.5			-7.904E-06	3.5E-05
10.992	0.498	7.1		-0.8556		217.5			-6.27E-05	3.3E-05
10.992	0.498	7.1		-0.8556		232.5			-8.227E-05	3.5E-05
10.992	0.498	7.1		-0.8556		247.5			-0.0001574	3.9E-05
10.992	0.498	7.1		-0.8556		262.5			-0.0001016	4.7E-05
10.992	0.498	7.1		-0.8556		277.5			-0.000123	4.9E-05
10.992	0.498	7.1		-0.8556		292.5			-0.00023	6E-05
10.992	0.498	7.1		-0.8556		307.5			-0.0001106	9.8E-05
10.992	0.498	7.1		-0.8556		322.5			-0.0002647	0.0002
10.992	0.498	7.1		-0.8556		337.5			0.0001638	0.00068
10.992	0.498	7.1		-0.8556		352.5			4.663E-05	0.00027
8.521	0.61	5.6		-0.7645		7.5			1.729E-05	3.3E-05
8.521	0.61	5.6		-0.7645		22.5			0.0001502	4.1E-05
8.521	0.61	5.6		-0.7645		37.5			2.04E-05	4.2E-05
8.521	0.61	5.6		-0.7645		52.5			9.492E-05	4.2E-05
8.521	0.61	5.6		-0.7645		67.5			0.0001225	4.3E-05
8.521	0.61	5.6		-0.7645		82.5			8.499E-05	4.3E-05
8.521	0.61	5.6		-0.7645		97.5			6.359E-05	4.2E-05
8.521	0.61	5.6		-0.7645		112.5			5.696E-05	4.1E-05
8.521	0.61	5.6		-0.7645		127.5			5.74E-05	4.1E-05
8.521	0.61	5.6		-0.7645		142.5			4.497E-05	4E-05
8.521	0.61	5.6		-0.7645		157.5			6.121E-05	3.8E-05
8.521	0.61	5.6		-0.7645		172.5			3.696E-05	3.1E-05
8.521	0.61	5.6		-0.7645		187.5			-2.962E-05	7.4E-05
8.521	0.61	5.6		-0.7645		202.5			-8.692E-07	5.2E-05
8.521	0.61	5.6		-0.7645		217.5			2.119E-05	5E-05
8.521	0.61	5.6		-0.7645		232.5			-0.0001275	5E-05
8.521	0.61	5.6		-0.7645		247.5			-0.0001646	5.1E-05
8.521	0.61	5.6		-0.7645		262.5			-0.0001452	5.2E-05
8.521	0.61	5.6		-0.7645		277.5			-0.0001299	4.9E-05
8.521	0.61	5.6		-0.7645		292.5			-0.0001439	5E-05
8.521	0.61	5.6		-0.7645		307.5			-7.577E-05	5.1E-05
8.521	0.61	5.6		-0.7645		322.5			-6.18E-05	5.1E-05
8.521	0.61	5.6		-0.7645		337.5			-1.72E-05	5.5E-05
8.521	0.61	5.6		-0.7645		352.5			-0.0001134	8E-05
8.521	0.612	5.62		-0.9042		7.5			-3.354E-05	4.2E-05
8.521	0.612	5.62		-0.9042		22.5			4.783E-05	4.5E-05
8.521	0.612	5.62		-0.9042		37.5			0.0001559	4.3E-05
8.521	0.612	5.62		-0.9042		52.5			0.000192	4.2E-05
8.521	0.612	5.62		-0.9042		67.5			0.0001515	4E-05
8.521	0.612	5.62		-0.9042		82.5			0.0001236	4E-05
8.521	0.612	5.62		-0.9042		97.5			0.0001087	3.8E-05
8.521	0.612	5.62		-0.9042		112.5			7.434E-05	3.7E-05
8.521	0.612	5.62		-0.9042		127.5			9.218E-05	3.5E-05
8.521	0.612	5.62		-0.9042		142.5			2.332E-05	3.5E-05
8.521	0.612	5.62		-0.9042		157.5			9.276E-06	3.5E-05
8.521	0.612	5.62		-0.9042		172.5			-1.236E-05	3E-05
8.521	0.612	5.62		-0.9042		187.5			-2.35E-05	4.8E-05
8.521	0.612	5.62		-0.9042		202.5			-3.808E-05	4.2E-05
8.521	0.612	5.62		-0.9042		217.5			-8.426E-05	4.2E-05
8.521	0.612	5.62		-0.9042		232.5			-0.0001011	4.4E-05
8.521	0.612	5.62		-0.9042		247.5			-9.079E-05	4.7E-05
8.521	0.612	5.62		-0.9042		262.5			-9.694E-05	4.7E-05
8.521	0.612	5.62		-0.9042		277.5			-0.000123	4.5E-05
8.521	0.612	5.62		-0.9042		292.5			-0.0001587	4.6E-05
8.521	0.612	5.62		-0.9042		307.5			-0.0001095	4.4E-05
8.521	0.612	5.62		-0.9042		322.5			-0.0001091	4.7E-05
8.521	0.612	5.62		-0.9042		337.5			-4.259E-05	5.3E-05
8.521	0.612	5.62		-0.9042		352.5			-8.779E-06	6.4E-05
8.521	0.615	5.64		-1.0482		7.5			-4.527E-07	6.4E-05
8.521	0.615	5.64		-1.0482		22.5			0.0001412	5.6E-05
8.521	0.615	5.64		-1.0482		37.5			8.336E-05	4.7E-05
8.521	0.615	5.64		-1.0482		52.5			0.0001118	4E-05
8.521	0.615	5.64		-1.0482		67.5			3.905E-05	3.9E-05
8.521	0.615	5.64		-1.0482		82.5			0.0001043	3.8E-05
8.521	0.615	5.64		-1.0482		97.5			8.191E-05	3.7E-05
8.521	0.615	5.64		-1.0482		112.5			4.37E-05	3.6E-05
8.521	0.615	5.64		-1.0482		127.5			7.288E-05	3.4E-05
8.521	0.615	5.64		-1.0482		142.5			3.158E-05	3.4E-05
8.521	0.615	5.64		-1.0482		157.5			1.876E-05	3.3E-05
8.521	0.615	5.64		-1.0482		172.5			-1.824E-05	3E-05
8.521	0.615	5.64		-1.0482		187.5			-7.016E-05	4.4E-05
8.521	0.615	5.64		-1.0482		202.5			2.512E-05	4E-05
8.521	0.615	5.64		-1.0482		217.5			-6.562E-05	4E-05
8.521	0.615	5.64		-1.0482		232.5			-8.579E-06	4.2E-05
8.521	0.615	5.64		-1.0482		247.5			-7.69E-05	4.6E-05
8.521	0.615	5.64		-1.0482		262.5			-0.000125	4.6E-05
8.521	0.615	5.64		-1.0482		277.5			-0.0001703	4.6E-05
8.521	0.615	5.64		-1.0482		292.5			-0.0001403	4.2E-05
8.521	0.615	5.64		-1.0482		307.5			-0.0001127	4.3E-05
8.521	0.615	5.64		-1.0482		322.5			-8.916E-05	5E-05
8.521	0.615	5.64		-1.0482		337.5			-4.108E-05	6.4E-05
8.521	0.615	5.64		-1.0482		352.5			-1.362E-05	8.8E-05
8.521	0.617	5.65		-1.1896		7.5			-2.15E-05	0.00011
8.521	0.617	5.65		-1.1896		22.5			0.0001063	8.9E-05
8.521	0.617	5.65		-1.1896		37.5			0.0001184	6E-05
8.521	0.617	5.65		-1.1896		52.5			0.0001131	4.6E-05
8.521	0.617	5.65		-1.1896		67.5			8.014E-05	3.8E-05
8.521	0.617	5.65		-1.1896		82.5			4.295E-05	3.7E-05
8.521	0.617	5.65		-1.1896		97.5			5.436E-05	3.5E-05
8.521	0.617	5.65		-1.1896		112.5			9.495E-05	3.4E-05
8.521	0.617	5.65		-1.1896		127.5			9.769E-06	3.3E-05
8.521	0.617	5.65		-1.1896		142.5			0.000115	3.5E-05
8.521	0.617	5.65		-1.1896		157.5			-1.728E-05	3.5E-05
8.521	0.617	5.65		-1.1896		172.5			-2.829E-05	3.5E-05
8.521	0.617	5.65		-1.1896		187.5			1.471E-05	4.5E-05
8.521	0.617	5.65		-1.1896		202.5			1.221E-06	4E-05
8.521	0.617	5.65		-1.1896		217.5			-4.497E-05	4.2E-05
8.521	0.617	5.65		-1.1896		232.5			-7.487E-05	4.3E-05
8.521	0.617	5.65		-1.1896		247.5			-7.19E-05	4.5E-05
8.521	0.617	5.65		-1.1896		262.5			-0.0001425	4.9E-05
8.521	0.617	5.65		-1.1896		277.5			-9.875E-05	4.6E-05
8.521	0.617	5.65		-1.1896		292.5			-6.152E-05	4.5E-05
8.521	0.617	5.65		-1.1896		307.5			-0.000149	4.9E-05
8.521	0.617	5.65		-1.1896		322.5			-0.000154	5.9E-05
8.521	0.617	5.65		-1.1896		337.5			-7.911E-06	9.3E-05
8.521	0.617	5.65		-1.1896		352.5			-9.555E-05	0.00016
8.521	0.616	5.66		-1.3732		7.5			0.0001166	0.00034
8.521	0.616	5.66		-1.3732		22.5			0.0003935	0.00017
8.521	0.616	5.66		-1.3732		37.5			0.0001134	7.2E-05
8.521	0.616	5.66		-1.3732		52.5			8.774E-05	4.3E-05
8.521	0.616	5.66		-1.3732		67.5			5.163E-05	3.7E-05
8.521	0.616	5.66		-1.3732		82.5			6.619E-05	3.2E-05
8.521	0.616	5.66		-1.3732		97.5			5.282E-05	2.9E-05
8.521	0.616	5.66		-1.3732		112.5			3.799E-05	2.6E-05
8.521	0.616	5.66		-1.3732		127.5			5.276E-05	2.5E-05
8.521	0.616	5.66		-1.3732		142.5			1.545E-05	2.8E-05
8.521	0.616	5.66		-1.3732		157.5			-1.983E-05	2.9E-05
8.521	0.616	5.66		-1.3732		172.5			1.663E-05	2.7E-05
8.521	0.616	5.66		-1.3732		187.5			-8.324E-07	3.2E-05
8.521	0.616	5.66		-1.3732		202.5			8.672E-06	2.9E-05
8.521	0.616	5.66		-1.3732		217.5			-1.882E-05	3E-05
8.521	0.616	5.66		-1.3732		232.5			-5.636E-05	3E-05
8.521	0.616	5.66		-1.3732		247.5			-6.857E-05	3.5E-05
8.521	0.616	5.66		-1.3732		262.5			-4.672E-05	3.9E-05
8.521	0.616	5.66		-1.3732		277.5			-8.273E-05	3.7E-05
8.521	0.616	5.66		-1.3732		292.5			-9.507E-05	3.7E-05
8.521	0.616	5.66		-1.3732		307.5			-0.0001545	4.8E-05
8.521	0.616	5.66		-1.3732		322.5			-7.272E-05	8E-05
8.521	0.616	5.66		-1.3732		337.5			0.000129	0.00018
8.521	0.616	5.66		-1.3732		352.5			-0.0003565	0.00047
10.591	0.608	8.44		-0.7911		7.5			-1.534E-05	2E-05
10.591	0.608	8.44		-0.7911		22.5			-2.678E-05	2.2E-05
10.591	0.608	8.44		-0.7911		37.5			2.893E-05	2.1E-05
10.591	0.608	8.44		-0.7911		52.5			5.459E-05	2.3E-05
10.591	0.608	8.44		-0.7911		67.5			5.612E-05	2.3E-05
10.591	0.608	8.44		-0.7911		82.5			4.715E-05	2.3E-05
10.591	0.608	8.44		-0.7911		97.5			2.294E-05	2.2E-05
10.591	0.608	8.44		-0.7911		112.5			7.392E-05	2.2E-05
10.591	0.608	8.44		-0.7911		127.5			3.992E-05	2.1E-05
10.591	0.608	8.44		-0.7911		142.5			1.494E-05	2.1E-05
10.591	0.608	8.44		-0.7911		157.5			5.815E-06	2.1E-05
10.591	0.608	8.44		-0.7911		172.5			1.823E-05	1.9E-05
10.591	0.608	8.44		-0.7911		187.5			1.385E-05	2.3E-05
10.591	0.608	8.44		-0.7911		202.5			-5.677E-05	2.2E-05
10.591	0.608	8.44		-0.7911		217.5			1.338E-05	2.3E-05
10.591	0.608	8.44		-0.7911		232.5			-4.933E-05	2.3E-05
10.591	0.608	8.44		-0.7911		247.5			-7.04E-05	2.3E-05
10.591	0.608	8.44		-0.7911		262.5			-3.291E-05	2.3E-05
10.591	0.608	8.44		-0.7911		277.5			-1.262E-05	2.3E-05
10.591	0.608	8.44		-0.7911		292.5			-4.123E-05	2.4E-05
10.591	0.608	8.44		-0.7911		307.5			-4.166E-05	2.4E-05
10.591	0.608	8.44		-0.7911		322.5			-5.213E-06	2.4E-05
10.591	0.608	8.44		-0.7911		337.5			-2.661E-05	2.3E-05
10.591	0.608	8.44		-0.7911		352.5			8.795E-06	2.5E-05
10.591	0.609	8.45		-0.9120		7.5			4.894E-05	2.6E-05
10.591	0.609	8.45		-0.9120		22.5			-8.647E-06	2.5E-05
10.591	0.609	8.45		-0.9120		37.5			5.236E-05	2.3E-05
10.591	0.609	8.45		-0.9120		52.5			3.038E-05	2.2E-05
10.591	0.609	8.45		-0.9120		67.5			3.586E-05	2E-05
10.591	0.609	8.45		-0.9120		82.5			6.176E-05	1.9E-05
10.591	0.609	8.45		-0.9120		97.5			4.531E-05	1.8E-05
10.591	0.609	8.45		-0.9120		112.5			4.535E-05	1.7E-05
10.591	0.609	8.45		-0.9120		127.5			1.701E-05	1.7E-05
10.591	0.609	8.45		-0.9120		142.5			2.276E-05	1.6E-05
10.591	0.609	8.45		-0.9120		157.5			2.786E-05	1.6E-05
10.591	0.609	8.45		-0.9120		172.5			-3.902E-06	1.5E-05
10.591	0.609	8.45		-0.9120		187.5			-2.459E-05	1.6E-05
10.591	0.609	8.45		-0.9120		202.5			-7.94E-06	1.7E-05
10.591	0.609	8.45		-0.9120		217.5			-3.361E-07	1.7E-05
10.591	0.609	8.45		-0.9120		232.5			-4.881E-05	1.8E-05
10.591	0.609	8.45		-0.9120		247.5			-7.084E-05	2E-05
10.591	0.609	8.45		-0.9120		262.5			-3.983E-05	2E-05
10.591	0.609	8.45		-0.9120		277.5			-6.543E-05	2E-05
10.591	0.609	8.45		-0.9120		292.5			-4.284E-05	2.1E-05
10.591	0.609	8.45		-0.9120		307.5			-2.416E-05	2.2E-05
10.591	0.609	8.45		-0.9120		322.5			-6.296E-05	2.3E-05
10.591	0.609	8.45		-0.9120		337.5			-7.394E-05	2.6E-05
10.591	0.609	8.45		-0.9120		352.5			-9.658E-06	2.8E-05
10.591	0.611	8.48		-1.0371		7.5			2.645E-06	3E-05
10.591	0.611	8.48		-1.0371		22.5			1.606E-05	2.5E-05
10.591	0.611	8.48		-1.0371		37.5			1.864E-05	2.2E-05
10.591	0.611	8.48		-1.0371		52.5			4.384E-05	1.9E-05
10.591	0.611	8.48		-1.0371		67.5			4.31E-05	1.8E-05
10.591	0.611	8.48		-1.0371		82.5			4.648E-05	1.7E-05
10.591	0.611	8.48		-1.0371		97.5			3.189E-05	1.7E-05
10.591	0.611	8.48		-1.0371		112.5			5.645E-06	1.5E-05
10.591	0.611	8.48		-1.0371		127.5			3.413E-05	1.5E-05
10.591	0.611	8.48		-1.0371		142.5			4.651E-05	1.5E-05
10.591	0.611	8.48		-1.0371		157.5			1.174E-05	1.4E-05
10.591	0.611	8.48		-1.0371		172.5			5.394E-06	1.5E-05
10.591	0.611	8.48		-1.0371		187.5			1.168E-05	1.6E-05
10.591	0.611	8.48		-1.0371		202.5			-4.226E-05	1.6E-05
10.591	0.611	8.48		-1.0371		217.5			-4.342E-05	1.8E-05
10.591	0.611	8.48		-1.0371		232.5			-4.462E-05	1.8E-05
10.591	0.611	8.48		-1.0371		247.5			-2.952E-05	1.9E-05
10.591	0.611	8.48		-1.0371		262.5			-4.175E-05	1.8E-05
10.591	0.611	8.48		-1.0371		277.5			-5.384E-05	1.8E-05
10.591	0.611	8.48		-1.0371		292.5			-7.903E-05	1.9E-05
10.591	0.611	8.48		-1.0371		307.5			-5.266E-05	1.9E-05
10.591	0.611	8.48		-1.0371		322.5			-1.568E-05	2E-05
10.591	0.611	8.48		-1.0371		337.5			6.747E-06	2.4E-05
10.591	0.611	8.48		-1.0371		352.5			-5.18E-05	2.8E-05
10.591	0.613	8.5		-1.1631		7.5			-3.335E-05	5.9E-05
10.591	0.613	8.5		-1.1631		22.5			7.615E-05	4.5E-05
10.591	0.613	8.5		-1.1631		37.5			9.573E-05	3.2E-05
10.591	0.613	8.5		-1.1631		52.5			4.495E-05	2.2E-05
10.591	0.613	8.5		-1.1631		67.5			7.749E-05	1.9E-05
10.591	0.613	8.5		-1.1631		82.5			2.501E-05	1.7E-05
10.591	0.613	8.5		-1.1631		97.5			5.952E-05	1.6E-05
10.591	0.613	8.5		-1.1631		112.5			2.533E-05	1.4E-05
10.591	0.613	8.5		-1.1631		127.5			3.413E-05	1.3E-05
10.591	0.613	8.5		-1.1631		142.5			1.628E-05	1.2E-05
10.591	0.613	8.5		-1.1631		157.5			-5.65E-06	1.2E-05
10.591	0.613	8.5		-1.1631		172.5			-3.944E-06	1.1E-05
10.591	0.613	8.5		-1.1631		187.5			-2.036E-05	1.2E-05
10.591	0.613	8.5		-1.1631		202.5			5.862E-06	1.3E-05
10.591	0.613	8.5		-1.1631		217.5			-5.927E-06	1.4E-05
10.591	0.613	8.5		-1.1631		232.5			-8.345E-06	1.5E-05
10.591	0.613	8.5		-1.1631		247.5			-3.971E-05	1.5E-05
10.591	0.613	8.5		-1.1631		262.5			-3.182E-05	1.6E-05
10.591	0.613	8.5		-1.1631		277.5			-3.09E-05	1.8E-05
10.591	0.613	8.5		-1.1631		292.5			-5.168E-05	2E-05
10.591	0.613	8.5		-1.1631		307.5			-7.321E-05	2.2E-05
10.591	0.613	8.5		-1.1631		322.5			-7.505E-05	2.9E-05
10.591	0.613	8.5		-1.1631		337.5			-6.932E-05	4.7E-05
10.591	0.613	8.5		-1.1631		352.5			-3.382E-05	6.1E-05
10.591	0.613	8.51		-1.3282		7.5			0.0002918	9.8E-05
10.591	0.613	8.51		-1.3282		22.5			-2.216E-06	6.1E-05
10.591	0.613	8.51		-1.3282		37.5			5.402E-05	2.9E-05
10.591	0.613	8.51		-1.3282		52.5			5.576E-05	1.9E-05
10.591	0.613	8.51		-1.3282		67.5			4.155E-05	1.5E-05
10.591	0.613	8.51		-1.3282		82.5			1.811E-05	1.4E-05
10.591	0.613	8.51		-1.3282		97.5			2.393E-05	1.3E-05
10.591	0.613	8.51		-1.3282		112.5			2.339E-05	1.1E-05
10.591	0.613	8.51		-1.3282		127.5			1.833E-05	9.3E-06
10.591	0.613	8.51		-1.3282		142.5			3.192E-06	9.5E-06
10.591	0.613	8.51		-1.3282		157.5			-6.209E-07	1E-05
10.591	0.613	8.51		-1.3282		172.5			1.37E-05	1.1E-05
10.591	0.613	8.51		-1.3282		187.5			1.079E-05	1.1E-05
10.591	0.613	8.51		-1.3282		202.5			-2.554E-06	1.1E-05
10.591	0.613	8.51		-1.3282		217.5			-1.417E-05	1.1E-05
10.591	0.613	8.51		-1.3282		232.5			-3.539E-05	1.1E-05
10.591	0.613	8.51		-1.3282		247.5			-2.677E-05	1.2E-05
10.591	0.613	8.51		-1.3282		262.5			-4.455E-05	1.3E-05
10.591	0.613	8.51		-1.3282		277.5			-3.804E-05	1.4E-05
10.591	0.613	8.51		-1.3282		292.5			-5.449E-05	1.5E-05
10.591	0.613	8.51		-1.3282		307.5			-1.97E-05	1.9E-05
10.591	0.613	8.51		-1.3282		322.5			2.818E-06	3E-05
10.591	0.613	8.51		-1.3282		337.5			8.241E-05	5.1E-05
10.591	0.613	8.51		-1.3282		352.5			-0.000193	0.00011
