id = 111
editor = DM

### Experiment E110

collaboration = HALLA
experiment = E110
process = ep2epgamma
exptype = fixed target
year = 2015
reference = arXiv:1504.05453
inspiretex = Defurne:2015kxq
reference2 = Kin3, Table XI

### Scattering Process

frame = Trento

in1energy = 5.7572
in1particle = em
in1energyunit = GeV
in1polarizationvector = L
in1polarization = 1

in2particle = p

out1particle = em
out2particle = p
out3particle = gamma


### Observable
# XUU


y1name = XLU
y1namelong = Beam Spin Dependent Cross Section
y1unit = pb/GeV^4
y1value = column5
y1errorstatistic = column6
# unsymmetric systematic errors 
#sysm (sysp) gives the negative (positive) value 
y1errorsystematicminus = column7
y1errorsystematicplus = column8
y1errornormalization = 0.034



### x-axes

x1name = xB
x1unit = 1
x1value = column1

x2name = Q2
x2unit = GeV^2
x2value = column2

x3name = tm
x3unit = GeV^2
x3value = column3

x4name = phi 
x4unit = deg
x4value = column4

### Data
#
# CLAS 2015 XLU
#
#xB       Q2     -t     phi     XUU   stat systm systp
###########################################################
table =
0.345   2.218   0.176   7.5     5.2     5.1 5.4 0.
0.345   2.218   0.176   22.5    1.8     5.1 0.  3.6
0.345   2.218   0.176   37.5    8.      4.7 0.7 1.5
0.345   2.218   0.176   52.5    16.7    4.5 0.1 5.7
0.345   2.218   0.176   67.5    21.1    4.1 0.  6.
0.345   2.218   0.176   82.5    16.     4.  0.1 2.1
0.345   2.218   0.176   97.5    10.1    3.5 0.1 1.9
0.345   2.218   0.176   112.5   20.7    3.4 1.8 0.1
0.345   2.218   0.176   127.5   9.3     3.2 1.9 0.9
0.345   2.218   0.176   142.5   4.8     3.1 0.1 1.
0.345   2.218   0.176   157.5   -0.4    3.  0.  1.4
0.345   2.218   0.176   172.5   3.3 3.  0.2 2.9
0.345   2.218   0.176   187.5   -0.6    2.8 1.4 0.6
0.345   2.218   0.176   202.5   -2.6    2.9 2.  0.9
0.345   2.218   0.176   217.5   -7.5    3.  0.  1.1
0.345   2.218   0.176   232.5   -13.1   3.2 0.  3.3
0.345   2.218   0.176   247.5   -6.9    3.3 0.  1.7
0.345   2.218   0.176   262.5   -17.5   3.6 0.  2.1
0.345   2.218   0.176   277.5   -13.    3.8 0.7 1.4
0.345   2.218   0.176   292.5   -13.2   4.2 0.6 2.9
0.345   2.218   0.176   307.5   -16.6   4.3 2.1 0.4
0.345   2.218   0.176   322.5   -15.2   4.6 0.  2.8
0.345   2.218   0.176   337.5   -3.1    4.8 0.4 0.5
0.345   2.218   0.176   352.5   -1.2    4.9 1.5 1.1
0.363   2.318   0.232   7.5     7.4     4.9 1.8 0.2
0.363   2.318   0.232   22.5    15.4    4.6 1.3 0.9
0.363   2.318   0.232   37.5    8.3     4.1 0.  1.8
0.363   2.318   0.232   52.5    11.5    3.6 1.5 1.5
0.363   2.318   0.232   67.5    17.1    3.2 0.  3.7
0.363   2.318   0.232   82.5    6.6     2.9 0.  1.6
0.363   2.318   0.232   97.5    12.3    2.7 0.7 0.
0.363   2.318   0.232   112.5   11.6    2.4 1.3 0.1
0.363   2.318   0.232   127.5   6.4     2.3 1.4 0.7
0.363   2.318   0.232   142.5   5.5     2.1 0.2 0.6
0.363   2.318   0.232   157.5   2.7     2.2 0.1 0.9
0.363   2.318   0.232   172.5   0.      2.  0.  1.5
0.363   2.318   0.232   187.5   0.2     2.1 0.2 1.2
0.363   2.318   0.232   202.5   -0.7    2.1 0.7 0.4
0.363   2.318   0.232   217.5   -5.4    2.2 0.5 0.2
0.363   2.318   0.232   232.5   -4.2    2.3 1.2 0.5
0.363   2.318   0.232   247.5   -9.5    2.4 0.7 0.4
0.363   2.318   0.232   262.5   -9.     2.7 1.4 0.1
0.363   2.318   0.232   277.5   -16.    2.8 1.2 0.5
0.363   2.318   0.232   292.5   -12.6   3.1 1.8 0.4
0.363   2.318   0.232   307.5   -14.    3.5 0.  4.4
0.363   2.318   0.232   322.5   -14.    3.8 1.5 0.2
0.363   2.318   0.232   337.5   1.4     4.4 0.8 1.1
0.363   2.318   0.232   352.5   -1.1    4.8 0.  4.3
0.368   2.348   0.279   7.5     11.5    5.9 0.1 3.9
0.368   2.348   0.279   22.5    8.6     5.3 0.4 1.6
0.368   2.348   0.279   37.5    15.4    4.2 1.9 0.
0.368   2.348   0.279   52.5    10.5    3.6 0.2 1.5
0.368   2.348   0.279   67.5    16.7    3.2 0.  1.2
0.368   2.348   0.279   82.5    11.9    2.8 0.4 2.4
0.368   2.348   0.279   97.5    9.8     2.4 0.  1.4
0.368   2.348   0.279   112.5   8.      2.2 0.9 0.
0.368   2.348   0.279   127.5   3.5     1.9 1.  0.7
0.368   2.348   0.279   142.5   3.7     2.  0.  1.6
0.368   2.348   0.279   157.5   4.      2.  0.5 0.3
0.368   2.348   0.279   172.5   -0.3    2.  0.1 0.7
0.368   2.348   0.279   187.5   1.      1.9 1.2 0.
0.368   2.348   0.279   202.5   -1.8    1.8 0.5 0.
0.368   2.348   0.279   217.5   -5.1    2.  0.  1.3
0.368   2.348   0.279   232.5   -4.7    2.1 0.8 0.
0.368   2.348   0.279   247.5   -3.8    2.1 0.  0.9
0.368   2.348   0.279   262.5   -10.5   2.4 3.  0.
0.368   2.348   0.279   277.5   -9.8    2.6 0.  2.1
0.368   2.348   0.279   292.5   -11.    2.9 0.9 1.
0.368   2.348   0.279   307.5   -15.8   3.5 0.5 1.7
0.368   2.348   0.279   322.5   -9.4    3.8 0.  2.1
0.368   2.348   0.279   337.5   -5.     4.7 1.7 0.8
0.368   2.348   0.279   352.5   2.7     5.5 3.8 0.
0.371   2.360   0.325   7.5     1.7     7.3 0.  2.9
0.371   2.360   0.325   22.5    4.4     6.2 4.3 0.
0.371   2.360   0.325   37.5    1.9     4.4 5.3 0.
0.371   2.360   0.325   52.5    9.6     3.8 2.3 0.
0.371   2.360   0.325   67.5    15.     3.4 1.4 0.
0.371   2.360   0.325   82.5    9.3     2.6 0.2 1.7
0.371   2.360   0.325   97.5    9.9     2.4 0.  1.3
0.371   2.360   0.325   112.5   3.7     2.2 0.3 0.5
0.371   2.360   0.325   127.5   6.6     2.  0.  0.4
0.371   2.360   0.325   142.5   3.6     1.9 1.5 0.
0.371   2.360   0.325   157.5   5.5     1.8 0.2 0.8
0.371   2.360   0.325   172.5   2.7     1.9 0.9 0.1
0.371   2.360   0.325   187.5   -0.6    1.9 0.5 0.4
0.371   2.360   0.325   202.5   -4.2    2.  0.  1.1
0.371   2.360   0.325   217.5   -5.2    1.8 0.7 0.4
0.371   2.360   0.325   232.5   -5.2    1.9 0.  1.4
0.371   2.360   0.325   247.5   0.6     2.1 0.4 0.9
0.371   2.360   0.325   262.5   -6.8    2.4 1.7 0.4
0.371   2.360   0.325   277.5   -14.2   2.7 1.5 0.
0.371   2.360   0.325   292.5   -9.6    3.1 3.6 0.
0.371   2.360   0.325   307.5   -10.6   3.6 0.6 0.7
0.371   2.360   0.325   322.5   -14.2   4.5 0.  4.4
0.371   2.360   0.325   337.5   -0.5    5.9 2.6 0.7
0.371   2.360   0.325   352.5   -0.5    7.3 1.5 2.9
0.373   2.375   0.372   7.5     9.4     10.9    2.5 2.
0.373   2.375   0.372   22.5    6.4     8.2 1.9 4.6
0.373   2.375   0.372   37.5    10.     5.3 3.6 0.
0.373   2.375   0.372   52.5    21.8    4.3 0.4 1.6
0.373   2.375   0.372   67.5    6.2     3.3 3.5 0.
0.373   2.375   0.372   82.5    9.3     2.7 0.5 1.
0.373   2.375   0.372   97.5    9.      2.4 1.8 0.1
0.373   2.375   0.372   112.5   -1.1    2.  0.  1.6
0.373   2.375   0.372   127.5   1.6     1.8 0.4 0.1
0.373   2.375   0.372   142.5   3.2     1.8 0.  0.9
0.373   2.375   0.372   157.5   3.6     1.9 0.  0.7
0.373   2.375   0.372   172.5   2.1     2.  0.2 1.1
0.373   2.375   0.372   187.5   4.4     2.  1.  0.
0.373   2.375   0.372   202.5   -0.1    2.  2.5 0.
0.373   2.375   0.372   217.5   -3.5    1.8 0.1 0.8
0.373   2.375   0.372   232.5   -4.     1.9 0.7 0.2
0.373   2.375   0.372   247.5   -1.8    2.1 1.  0.6
0.373   2.375   0.372   262.5   -3.4    2.3 1.1 0.
0.373   2.375   0.372   277.5   -5.8    2.6 0.3 0.7
0.373   2.375   0.372   292.5   -11.3   3.1 1.8 0.
0.373   2.375   0.372   307.5   -8.8    3.7 0.5 0.4
0.373   2.375   0.372   322.5   -5.2    5.1 2.6 0.4
0.373   2.375   0.372   337.5   -8.1    8.1 4.3 3.4
0.373   2.375   0.372   352.5   7.3     11.5    1.1 2.2
