id = 104
editor = DM
# data restricted to DVCS kinematics Q2> 1.5 GeV^2 and -t/Q2 < 0.25
# only data are taken where 18 bins and more are filled
# ALU is calculated from XLU/XUU errors are separately added in quadrature

### Experiment E145M2

collaboration = CLAS
process = ep2epgamma
exptype = fixed target
year = 2015
reference = arXiv:1504.02009
inspiretex = Jo:2015ema
reference2 = CLAS data base E145M1, E145M2

### Scattering Process

frame = Trento

in1energy = 5.75
in1particle = em
in1energyunit = GeV
in1polarizationvector = L
in1polarization = 1

in2particle = p

out1particle = em
out2particle = p
out3particle = gamma


### Observable
# XLU


y1name = ALU
y1namelong = Beam Spin Asymmetry
y1unit = 1
y1value = column5
y1errorstatistic = column6
y1errorsystematic = column7



### x-axes

x1name = xB
x1unit = 1
x1value = column1

x2name = Q2
x2unit = GeV^2
x2value = column2

x3name = tm
x3unit = GeV^2
x3value = column3

x4name = phi 
x4unit = deg
x4value = column4

### Data
#
# CLAS 2015 XLU/XUU
#
#xB      Q2    -t  phi            ALU        stat      syst
###########################################################
table =
0.185   1.62    0.11    9.53    0   0   0
0.185   1.62    0.11    24.88   0   0   0
0.185   1.62    0.11    39.26   0   0   0
0.185   1.62    0.11    53.14   0.167922    0.0659648   0.0446442
0.185   1.62    0.11    67.5    0.124774    0.0745617   0.0360291
0.185   1.62    0.11    82.13   0.266515    0.071503    0.0511029
0.185   1.62    0.11    97.18   0.20207     0.0813879   0.0258194
0.185   1.62    0.11    112.23  0.218621    0.0954199   0.0632655
0.185   1.62    0.11    127.28  0.198408    0.119453    0.0419176
0.185   1.62    0.11    142.34  0.24964     0.109446    0.0775728
0.185   1.62    0.11    157.4   0.234419    0.108303    0.0411663
0.185   1.62    0.11    172.47  -0.169996   0.129414    0.0611545
0.185   1.62    0.11    187.53  -0.0884521  0.132697    0.0237155
0.185   1.62    0.11    202.6   -0.0587384  0.104867    0.0184245
0.185   1.62    0.11    217.66  -0.115971   0.117071    0.0422614
0.185   1.62    0.11    232.72  -0.135526   0.121327    0.0375129
0.185   1.62    0.11    247.77  -0.213949   0.105725    0.0294898
0.185   1.62    0.11    262.82  -0.228718   0.0808313   0.0461601
0.185   1.62    0.11    277.87  -0.162798   0.0791339   0.0498621
0.185   1.62    0.11    292.5   -0.202153   0.0741836   0.0235481
0.185   1.62    0.11    306.86  -0.0692717  0.0605782   0.0201313
0.185   1.62    0.11    320.74  0   0   0
0.185   1.62    0.11    335.12  0   0   0
0.185   1.62    0.11    350.47  0   0   0
0.185   1.63    0.15    7.5 0   0   0
0.185   1.63    0.15    29.3    0   0   0
0.185   1.63    0.15    41.34   0   0   0
0.185   1.63    0.15    53.57   0.143944    0.0651325   0.0517001
0.185   1.63    0.15    67.33   0.127503    0.070047    0.02532
0.185   1.63    0.15    82.07   0.230769    0.0718476   0.0444607
0.185   1.63    0.15    97.14   0.175684    0.0723923   0.0191845
0.185   1.63    0.15    112.21  0.397395    0.102358    0.0866839
0.185   1.63    0.15    127.27  0.147317    0.116951    0.0423586
0.185   1.63    0.15    142.33  0.21875     0.115238    0.047939
0.185   1.63    0.15    157.4   0.16092     0.109796    0.0452156
0.185   1.63    0.15    172.47  0.133869    0.123763    0.0457137
0.185   1.63    0.15    187.53  0.00073278  0.137763    0.0442111
0.185   1.63    0.15    202.6   -0.0811696  0.114638    0.0494522
0.185   1.63    0.15    217.67  -0.213934   0.11209     0.0838066
0.185   1.63    0.15    232.73  -0.195323   0.126359    0.0534266
0.185   1.63    0.15    247.79  -0.220172   0.096027    0.0463505
0.185   1.63    0.15    262.86  -0.131432   0.0822208   0.0304569
0.185   1.63    0.15    277.93  -0.150411   0.0773878   0.047499
0.185   1.63    0.15    292.67  -0.210799   0.0663688   0.0396048
0.185   1.63    0.15    306.43  -0.177265   0.0623866   0.0330495
0.185   1.63    0.15    318.66  0   0   0
0.185   1.63    0.15    330.7   0   0   0
0.185   1.63    0.15    352.5   0   0   0
0.185   1.63    0.2 7.5 0   0   0
0.185   1.63    0.2 22.5    0   0   0
0.185   1.63    0.2 42.9    0   0   0
0.185   1.63    0.2 54.03   0.245029    0.0716703   0.0347077
0.185   1.63    0.2 67.05   0.223623    0.0793617   0.0438599
0.185   1.63    0.2 82.04   0.198439    0.0862231   0.0392271
0.185   1.63    0.2 97.12   0.232757    0.0912937   0.0584029
0.185   1.63    0.2 112.19  0.264727    0.116307    0.0665429
0.185   1.63    0.2 127.26  -0.0402161  0.145637    0.0555214
0.185   1.63    0.2 142.33  -0.0288796  0.143394    0.0540067
0.185   1.63    0.2 157.4   0.00361011  0.141697    0.0248219
0.185   1.63    0.2 172.47  0.245947    0.172412    0.0456739
0.185   1.63    0.2 187.53  0.143515    0.163826    0.110983
0.185   1.63    0.2 202.6   -0.066847   0.144343    0.0543444
0.185   1.63    0.2 217.67  -0.0298273  0.125626    0.0603552
0.185   1.63    0.2 232.74  -0.0199737  0.136418    0.0686078
0.185   1.63    0.2 247.81  -0.309891   0.123264    0.0493544
0.185   1.63    0.2 262.88  -0.131744   0.093389    0.0602905
0.185   1.63    0.2 277.96  -0.224953   0.0849827   0.0283813
0.185   1.63    0.2 292.95  -0.109698   0.0757958   0.0549193
0.185   1.63    0.2 305.97  -0.229993   0.0808931   0.0313462
0.185   1.63    0.2 317.1   0   0   0
0.185   1.63    0.2 337.5   0   0   0
0.185   1.63    0.2 352.5   0   0   0
0.185   1.63    0.26    7.5 0   0   0
0.185   1.63    0.26    22.5    0   0   0
0.185   1.63    0.26    43.19   0   0   0
0.185   1.63    0.26    53.76   0.238412    0.0675044   0.0359168
0.185   1.63    0.26    66.9    0.180386    0.0753811   0.0389572
0.185   1.63    0.26    82.01   0.197427    0.0944401   0.039768
0.185   1.63    0.26    97.1    0.476042    0.101037    0.0513548
0.185   1.63    0.26    112.18  0.188528    0.113863    0.103861
0.185   1.63    0.26    127.25  0.154983    0.133317    0.0565764
0.185   1.63    0.26    142.32  -0.0282196  0.145242    0.0883246
0.185   1.63    0.26    157.4   0.113953    0.124732    0.0336181
0.185   1.63    0.26    172.47  0.0721311   0.152724    0.0411759
0.185   1.63    0.26    187.53  0.382964    0.187856    0.112589
0.185   1.63    0.26    202.6   -0.195968   0.137228    0.0811937
0.185   1.63    0.26    217.68  0.0241149   0.129836    0.0207047
0.185   1.63    0.26    232.75  -0.0708599  0.128003    0.0860939
0.185   1.63    0.26    247.82  -0.01094    0.134122    0.0142045
0.185   1.63    0.26    262.9   -0.24023    0.0998767   0.0381799
0.185   1.63    0.26    277.99  -0.23995    0.0922923   0.0536998
0.185   1.63    0.26    293.1   -0.118372   0.0841594   0.0272256
0.185   1.63    0.26    306.24  -0.2025     0.0768481   0.0219081
0.185   1.63    0.26    316.81  0   0   0
0.185   1.63    0.26    337.5   0   0   0
0.185   1.63    0.26    352.5   0   0   0
0.185   1.63    0.34    7.5 0   0   0
0.185   1.63    0.34    22.5    0   0   0
0.185   1.63    0.34    43.39   0   0   0
0.185   1.63    0.34    53.05   0.0943642   0.0674936   0.0158461
0.185   1.63    0.34    66.88   0.185803    0.0930256   0.0538206
0.185   1.63    0.34    81.99   0.133963    0.101326    0.0372919
0.185   1.63    0.34    97.09   0.230839    0.110315    0.0372555
0.185   1.63    0.34    112.17  -0.134102   0.134178    0.0435594
0.185   1.63    0.34    127.25  0.241473    0.155742    0.0456296
0.185   1.63    0.34    142.32  0.375566    0.188153    0.0769189
0.185   1.63    0.34    157.39  0.0805768   0.145358    0.0447374
0.185   1.63    0.34    172.46  0.3125      0.163398    0.0808592
0.185   1.63    0.34    187.54  0.103966    0.196852    0.132701
0.185   1.63    0.34    202.61  -0.443051   0.186655    0.0841894
0.185   1.63    0.34    217.68  -0.341065   0.146341    0.0447824
0.185   1.63    0.34    232.75  -0.074659   0.150316    0.0636045
0.185   1.63    0.34    247.83  -0.209649   0.14626     0.0467144
0.185   1.63    0.34    262.91  -0.249697   0.126817    0.0595829
0.185   1.63    0.34    278.01  -0.385817   0.0945074   0.052022
0.185   1.63    0.34    293.12  -0.136673   0.0886647   0.0257493
0.185   1.63    0.34    306.95  -0.187918   0.0827089   0.0367461
0.185   1.63    0.34    316.61  0   0   0
0.185   1.63    0.34    337.5   0   0   0
0.185   1.63    0.34    352.5   0   0   0
0.214   1.64    0.11    7.48    -0.00557777 0.0685135   0.0201918
0.214   1.64    0.11    22.34   0.0973866   0.0596033   0.0276196
0.214   1.64    0.11    37.19   -0.00535475 0.0639758   0.007409
0.214   1.64    0.11    52.16   0.267769    0.0814486   0.0478028
0.214   1.64    0.11    67.15   0.314885    0.128087    0.0578245
0.214   1.64    0.11    82.16   0.364795    0.121546    0.0798788
0.214   1.64    0.11    97.19   0.336955    0.105397    0.0696768
0.214   1.64    0.11    112.23  0.145833    0.116292    0.0447378
0.214   1.64    0.11    127.27  0.260256    0.14159 0.0817343
0.214   1.64    0.11    142.33  0.354801    0.155028    0.0425677
0.214   1.64    0.11    157.39  0.0207033   0.144943    0.0234721
0.214   1.64    0.11    172.46  -0.0234858  0.197811    0.0676028
0.214   1.64    0.11    187.54  -0.290607   0.206357    0.0692281
0.214   1.64    0.11    202.61  -0.268302   0.166055    0.0501545
0.214   1.64    0.11    217.67  -0.112648   0.133832    0.0407534
0.214   1.64    0.11    232.73  -0.146513   0.154648    0.060589
0.214   1.64    0.11    247.77  -0.168539   0.116979    0.0742712
0.214   1.64    0.11    262.81  -0.215871   0.100221    0.039254
0.214   1.64    0.11    277.84  -0.19232    0.114269    0.0445964
0.214   1.64    0.11    292.85  -0.123084   0.112517    0.0714125
0.214   1.64    0.11    307.84  -0.397369   0.0817005   0.076647
0.214   1.64    0.11    322.81  -0.17203    0.0626778   0.0229059
0.214   1.64    0.11    337.66  -0.208518   0.0576775   0.0453981
0.214   1.64    0.11    352.52  -0.0210607  0.0691077   0.0164291
0.214   1.64    0.15    7.71    -0.0340545  0.0623239   0.0418278
0.214   1.64    0.15    22.63   0.137139    0.0527617   0.0236178
0.214   1.64    0.15    37.13   0.191409    0.055771    0.0283907
0.214   1.64    0.15    52.04   0.215433    0.0670847   0.0592063
0.214   1.64    0.15    67.07   0.22073     0.102915    0.0384252
0.214   1.64    0.15    82.1    0.391125    0.111014    0.0774447
0.214   1.64    0.15    97.15   0.155101    0.104796    0.0307498
0.214   1.64    0.15    112.2   0.238       0.124285    0.067023
0.214   1.64    0.15    127.26  0.340989    0.15432     0.0730997
0.214   1.64    0.15    142.32  0.0259523   0.14905     0.0736975
0.214   1.64    0.15    157.39  0.0157753   0.126598    0.0489385
0.214   1.64    0.15    172.46  0.059786    0.177051    0.05686
0.214   1.64    0.15    187.54  0.00499688  0.209871    0.0693414
0.214   1.64    0.15    202.61  -0.238339   0.147797    0.0470991
0.214   1.64    0.15    217.68  -0.10447    0.144493    0.0661034
0.214   1.64    0.15    232.74  -0.24513    0.152556    0.0730372
0.214   1.64    0.15    247.8   -0.049063   0.136396    0.0549945
0.214   1.64    0.15    262.85  -0.245906   0.111151    0.104717
0.214   1.64    0.15    277.9   -0.370194   0.106025    0.0627587
0.214   1.64    0.15    292.93  -0.146217   0.097386    0.0429322
0.214   1.64    0.15    307.96  -0.189465   0.0778107   0.0392667
0.214   1.64    0.15    322.87  -0.196152   0.0574747   0.0239171
0.214   1.64    0.15    337.37  -0.148881   0.0501096   0.0276891
0.214   1.64    0.15    352.29  -0.0430103  0.0576147   0.0220465
0.214   1.64    0.2       8.26    -0.0683512  0.0992026   0.0590119
0.214   1.64    0.2      23.48   0.106653    0.0644092   0.0351047
0.214   1.64    0.2      37.27   0.171648    0.0592279   0.0176123
0.214   1.64    0.2      51.94   0.122739    0.0711049   0.0210198
0.214   1.64    0.2      66.99   -0.0352915  0.109866    0.0361542
0.214   1.64    0.2      82.05   0.266573    0.127066    0.0731152
0.214   1.64    0.2      97.12   0.0537849   0.128012    0.0533171
0.214   1.64    0.2     112.18  0.332732    0.137829    0.0774542
0.214   1.64    0.2     127.25  0.123545    0.190481    0.0450511
0.214   1.64    0.2     142.32  0.0519054   0.197286    0.125389
0.214   1.64    0.2     157.39  0.000801282 0.177885    0.0953526
0.214   1.64    0.2     172.46  0.0710195   0.177273    0.0603076
0.214   1.64    0.2     187.54  0.139776    0.249217    0.0860821
0.214   1.64    0.2     202.61  0.0245566   0.17466 0.0528372
0.214   1.64    0.2     217.68  -0.23228    0.192075    0.0836181
0.214   1.64    0.2     232.75  -0.0347288  0.175142    0.096167
0.214   1.64    0.2     247.82  -0.0510526  0.167514    0.0585973
0.214   1.64    0.2     262.88  -0.296197   0.139   0.0782553
0.214   1.64    0.2     277.95  -0.311457   0.1118  0.05191
0.214   1.64    0.2     293.01  -0.164323   0.103423    0.0500677
0.214   1.64    0.2     308.06  -0.165511   0.0863252   0.0485136
0.214   1.64    0.2     322.73  -0.204292   0.0609619   0.0347621
0.214   1.64    0.2     336.52  -0.0301906  0.0587441   0.0198962
0.214   1.64    0.2     351.74  -0.101241   0.0734616   0.0323185
0.214   1.64    0.26     10.82   0   0   0
0.214   1.64    0.26     25.19   0.148791    0.0857778   0.0389907
0.214   1.64    0.26     37.58   0.167007    0.0591992   0.0178795
0.214   1.64    0.26     51.84   0.237523    0.0707194   0.0315612
0.214   1.64    0.26     66.93   0.142337    0.102964    0.0273667
0.214   1.64    0.26     82.01   0.381835    0.135396    0.0695712
0.214   1.64    0.26     97.09   0.271057    0.119756    0.0671103
0.214   1.64    0.26     112.16  0.278293    0.131919    0.0936555
0.214   1.64    0.26     127.24  0.332694    0.199687    0.0968408
0.214   1.64    0.26     142.31  0.408931    0.251375    0.115272
0.214   1.64    0.26     157.39  0.0578106   0.225341    0.0433455
0.214   1.64    0.26     172.46  0.115646    0.245983    0.0703207
0.214   1.64    0.26     187.54  -0.00297619 0.276787    0.0793679
0.214   1.64    0.26     202.61  -0.317109   0.259029    0.158716
0.214   1.64    0.26     217.69  -0.186644   0.179296    0.0771181
0.214   1.64    0.26     232.76  0.0819113   0.212084    0.0428717
0.214   1.64    0.26     247.84  -0.195419   0.167455    0.111255
0.214   1.64    0.26     262.91  -0.240826   0.123911    0.0499457
0.214   1.64    0.26     277.99  -0.521802   0.119714    0.0783398
0.214   1.64    0.26     293.07  -0.181405   0.107778    0.0628794
0.214   1.64    0.26    308.16  -0.11065    0.0898394   0.0184934
0.214   1.64    0.26    322.42  -0.164759   0.0632017   0.0339115
0.214   1.64    0.26    334.81  -0.173139   0.0794076   0.0406618
0.214   1.64    0.26    349.18  0   0   0
0.214   1.64    0.34    7.5 0   0   0
0.214   1.64    0.34    27.62   0   0   0
0.214   1.64    0.34    37.97   0.21486 0.0674425   0.025255
0.214   1.64    0.34    51.74   0.0543728   0.0745847   0.0235859
0.214   1.64    0.34    66.87   0.26561 0.114037    0.0668926
0.214   1.64    0.34    81.97   0.422569    0.141023    0.0672488
0.214   1.64    0.34    97.06   0.260762    0.135481    0.0400363
0.214   1.64    0.34    112.15  0.0430108   0.147403    0.0656782
0.214   1.64    0.34    127.23  0.368499    0.249749    0.121746
0.214   1.64    0.34    142.31  0.220486    0.324564    0.104501
0.214   1.64    0.34    157.38  0.224265    0.302825    0.24773
0.214   1.64    0.34    172.46  -0.00391134 0.375491    0.182545
0.214   1.64    0.34    187.54  0   0   0
0.214   1.64    0.34    202.62  -0.507911   0.394041    0.113371
0.214   1.64    0.34    217.69  -0.232662   0.235782    0.0929077
0.214   1.64    0.34    232.77  -0.359551   0.261071    0.14859
0.214   1.64    0.34    247.85  -0.121795   0.206146    0.0830204
0.214   1.64    0.34    262.94  -0.490047   0.147967    0.119725
0.214   1.64    0.34    278.03  -0.222646   0.111874    0.0526986
0.214   1.64    0.34    293.13  -0.534813   0.114401    0.112435
0.214   1.64    0.34    308.26  -0.2759 0.0959923   0.0547579
0.214   1.64    0.34    322.03  -0.213495   0.0709135   0.0251465
0.214   1.64    0.34    332.38  0   0   0
0.214   1.64    0.34    352.5   0   0   0
0.215   1.88    0.11    7.84    0   0   0
0.215   1.88    0.11    23.16   0.0144107   0.0712196   0.0308536
0.215   1.88    0.11    37.96   0.186934    0.0639695   0.0395161
0.215   1.88    0.11    52.73   0.192168    0.0800621   0.042137
0.215   1.88    0.11    67.28   0.264032    0.0953568   0.0596489
0.215   1.88    0.11    82.17   0.11004 0.0896698   0.0287731
0.215   1.88    0.11    97.2    0.241762    0.0867775   0.0395534
0.215   1.88    0.11    112.25  0.142088    0.101402    0.0357901
0.215   1.88    0.11    127.3   0.181212    0.147781    0.0567587
0.215   1.88    0.11    142.35  -0.0159477  0.128206    0.0803715
0.215   1.88    0.11    157.41  0.405996    0.143237    0.0558152
0.215   1.88    0.11    172.47  -0.214815   0.170738    0.121176
0.215   1.88    0.11    187.53  0   0   0
0.215   1.88    0.11    202.59  -0.132543   0.11072 0.0447871
0.215   1.88    0.11    217.65  0.0772727   0.11723 0.03495
0.215   1.88    0.11    232.7   -0.190632   0.129534    0.0292298
0.215   1.88    0.11    247.75  -0.212553   0.106243    0.0489029
0.215   1.88    0.11    262.8   -0.241657   0.0871701   0.0325348
0.215   1.88    0.11    277.83  -0.297646   0.0937887   0.0654543
0.215   1.88    0.11    292.72  -0.22632    0.0886101   0.0479317
0.215   1.88    0.11    307.27  -0.139752   0.0712068   0.0502293
0.215   1.88    0.11    322.04  -0.0896337  0.061108    0.0245394
0.215   1.88    0.11    336.84  0.0302774   0.0670185   0.0201412
0.215   1.88    0.11    352.16  0   0   0
0.215   1.88    0.15    8.28    0   0   0
0.215   1.88    0.15    24.86   0   0   0
0.215   1.88    0.15    38.98   0.203925    0.0671571   0.0409656
0.215   1.88    0.15    52.95   0.135229    0.0665141   0.0242716
0.215   1.88    0.15    67.13   0.263682    0.0818286   0.0471812
0.215   1.88    0.15    82.11   0.165374    0.0874358   0.0256325
0.215   1.88    0.15    97.16   0.317126    0.0975565   0.05165
0.215   1.88    0.15    112.22  0.30137 0.111447    0.0686996
0.215   1.88    0.15    127.28  0.00314663  0.141914    0.0431112
0.215   1.88    0.15    142.34  -0.0738034  0.138726    0.049396
0.215   1.88    0.15    157.4   0.16102 0.127539    0.0348206
0.215   1.88    0.15    172.47  -0.0201718  0.152057    0.0213391
0.215   1.88    0.15    187.53  -0.0268895  0.14284 0.0705276
0.215   1.88    0.15    202.6   -0.195528   0.130082    0.0390509
0.215   1.88    0.15    217.66  0.0421053   0.118412    0.0442485
0.215   1.88    0.15    232.72  -0.11495    0.118237    0.0650366
0.215   1.88    0.15    247.78  -0.13445    0.117173    0.0607972
0.215   1.88    0.15    262.84  -0.199798   0.0949699   0.0263858
0.215   1.88    0.15    277.89  -0.22764    0.0900699   0.0426517
0.215   1.88    0.15    292.87  -0.325351   0.0834901   0.0459077
0.215   1.88    0.15    307.05  -0.0662219  0.0663822   0.0455379
0.215   1.88    0.15    321.02  -0.178491   0.0680663   0.0287784
0.215   1.88    0.15    335.14  0   0   0
0.215   1.88    0.15    351.72  0   0   0
0.215   1.88    0.2 7.5 0   0   0
0.215   1.88    0.2 28.48   0   0   0
0.215   1.88    0.2 40.38   0   0   0
0.215   1.88    0.2 53.14   0.218941    0.068298    0.0358491
0.215   1.88    0.2 66.99   0.0625404   0.0914256   0.0348598
0.215   1.88    0.2 82.06   0.292272    0.107147    0.0402326
0.215   1.88    0.2 97.14   0.0644208   0.108307    0.0425683
0.215   1.88    0.2 112.2   0.0360101   0.125009    0.02785
0.215   1.88    0.2 127.27  0.267398    0.158466    0.0636575
0.215   1.88    0.2 142.33  0.167861    0.15703 0.0745433
0.215   1.88    0.2 157.4   0.366189    0.151962    0.0751378
0.215   1.88    0.2 172.47  -0.153577   0.161341    0.0579553
0.215   1.88    0.2 187.53  -0.433831   0.184537    0.123726
0.215   1.88    0.2 202.6   -0.173104   0.177717    0.0518766
0.215   1.88    0.2 217.67  -0.11055    0.154951    0.0712784
0.215   1.88    0.2 232.73  -0.040381   0.149035    0.0354635
0.215   1.88    0.2 247.8   -0.259872   0.144984    0.0420172
0.215   1.88    0.2 262.86  -0.295619   0.107152    0.0510345
0.215   1.88    0.2 277.94  -0.122096   0.0907704   0.0255336
0.215   1.88    0.2 293.01  -0.251254   0.0918858   0.0431444
0.215   1.88    0.2 306.86  -0.097393   0.0797359   0.047683
0.215   1.88    0.2 319.62  0   0   0
0.215   1.88    0.2 331.52  0   0   0
0.215   1.88    0.2 352.5   0   0   0
0.215   1.88    0.26    7.5 0   0   0
0.215   1.88    0.26    22.5    0   0   0
0.215   1.88    0.26    41.86   0   0   0
0.215   1.88    0.26    53.05   0.219938    0.0674362   0.0290714
0.215   1.88    0.26    66.93   0.150648    0.0883718   0.0324299
0.215   1.88    0.26    82.03   0.253983    0.104814    0.0357431
0.215   1.88    0.26    97.12   0.225684    0.100474    0.0453669
0.215   1.88    0.26    112.19  0.196805    0.134616    0.0442671
0.215   1.88    0.26    127.26  0.333333    0.158085    0.0620829
0.215   1.88    0.26    142.33  -0.0482196  0.158137    0.0593444
0.215   1.88    0.26    157.4   0.157339    0.162892    0.0464645
0.215   1.88    0.26    172.47  0.072018    0.163827    0.0423772
0.215   1.88    0.26    187.53  -0.223851   0.210702    0.0889551
0.215   1.88    0.26    202.6   -0.0947832  0.146661    0.0536597
0.215   1.88    0.26    217.67  -0.139552   0.14798 0.0932167
0.215   1.88    0.26    232.74  0.0962567   0.16428 0.0467438
0.215   1.88    0.26    247.81  -0.29437    0.15167 0.085954
0.215   1.88    0.26    262.88  -0.27519    0.114973    0.0502772
0.215   1.88    0.26    277.97  -0.12788    0.0886172   0.0226373
0.215   1.88    0.26    293.07  -0.205262   0.0890862   0.0711559
0.215   1.88    0.26    306.95  -0.162608   0.074239    0.0288465
0.215   1.88    0.26    318.14  0   0   0
0.215   1.88    0.26    337.5   0   0   0
0.215   1.88    0.26    352.5   0   0   0
0.215   1.88    0.34    7.5 0   0   0
0.215   1.88    0.34    22.5    0   0   0
0.215   1.88    0.34    42.37   0   0   0
0.215   1.88    0.34    52.72   0.201231    0.0719831   0.0257683
0.215   1.88    0.34    66.9    0.126508    0.0974107   0.0238327
0.215   1.88    0.34    82.01   0.0989474   0.118284    0.0576192
0.215   1.88    0.34    97.1    0.0868687   0.114771    0.0660814
0.215   1.88    0.34    112.18  0.240791    0.13922 0.0589557
0.215   1.88    0.34    127.25  0.390791    0.184701    0.0760039
0.215   1.88    0.34    142.32  0.316199    0.199573    0.0675545
0.215   1.88    0.34    157.4   -0.108508   0.154734    0.0343261
0.215   1.88    0.34    172.46  0.136671    0.187905    0.0821387
0.215   1.88    0.34    187.54  -0.0203704  0.235218    0.0944648
0.215   1.88    0.34    202.6   -0.43007    0.218557    0.160452
0.215   1.88    0.34    217.68  0.128983    0.181572    0.0713296
0.215   1.88    0.34    232.75  0.137224    0.203168    0.0615248
0.215   1.88    0.34    247.82  -0.164654   0.180532    0.0458473
0.215   1.88    0.34    262.9   -0.207783   0.122884    0.0467188
0.215   1.88    0.34    277.99  -0.108333   0.103006    0.0171199
0.215   1.88    0.34    293.1   -0.19802    0.0949687   0.0353991
0.215   1.88    0.34    307.28  -0.221262   0.0812609   0.0280639
0.215   1.88    0.34    317.63  0   0   0
0.215   1.88    0.34    337.5   0   0   0
0.215   1.88    0.34    352.5   0   0   0
0.215   1.88    0.45    7.5 0   0   0
0.215   1.88    0.45    22.5    0   0   0
0.215   1.88    0.45    42.22   0   0   0
0.215   1.88    0.45    51.98   -0.00961908 0.0700291   0.0338735
0.215   1.88    0.45    66.87   0.168963    0.100409    0.0386056
0.215   1.88    0.45    81.99   0.374753    0.139313    0.1204
0.215   1.88    0.45    97.08   0.020595    0.12702 0.0446487
0.215   1.88    0.45    112.17  0.133913    0.148722    0.0667191
0.215   1.88    0.45    127.24  -0.08   0.234344    0.10495
0.215   1.88    0.45    142.32  -0.164557   0.219722    0.0372735
0.215   1.88    0.45    157.4   0.297872    0.186213    0.103199
0.215   1.88    0.45    172.46  -0.169271   0.218214    0.139126
0.215   1.88    0.45    187.54  0.322034    0.262767    0.120611
0.215   1.88    0.45    202.6   -0.266667   0.21041 0.0985603
0.215   1.88    0.45    217.68  -0.277108   0.197744    0.132155
0.215   1.88    0.45    232.76  -0.276923   0.202731    0.09227
0.215   1.88    0.45    247.83  -0.4297 0.185918    0.155694
0.215   1.88    0.45    262.92  -0.421687   0.14726 0.0633279
0.215   1.88    0.45    278.01  -0.496572   0.124648    0.058586
0.215   1.88    0.45    293.13  -0.0347513  0.103098    0.0194094
0.215   1.88    0.45    308.02  -0.328262   0.0874471   0.0407483
0.215   1.88    0.45    317.78  -0.0652482  0.130113    0.0262366
0.215   1.88    0.45    337.5   0   0   0
0.215   1.88    0.45    352.5   0   0   0
0.244   1.79    0.11    7.44    -0.0128955  0.0952589   0.0276511
0.244   1.79    0.11    22.34   0.0218522   0.0882034   0.0138735
0.244   1.79    0.11    37.27   0.13893 0.0837465   0.029113
0.244   1.79    0.11    52.23   0.241754    0.100275    0.0359472
0.244   1.79    0.11    67.21   0.303393    0.131518    0.0927339
0.244   1.79    0.11    82.21   0.044093    0.141957    0.0298138
0.244   1.79    0.11    97.22   0.284901    0.126083    0.061223
0.244   1.79    0.11    112.25  0.345603    0.175898    0.104004
0.244   1.79    0.11    127.28  0.516198    0.282163    0.132635
0.244   1.79    0.11    142.33  -0.716855   0.64406 0.298744
0.244   1.79    0.11    157.39  0.498498    0.674608    0.487328
0.244   1.79    0.11    172.46  0   0   0
0.244   1.79    0.11    187.54  0   0   0
0.244   1.79    0.11    202.61  0   0   0
0.244   1.79    0.11    217.67  0   0   0
0.244   1.79    0.11    232.72  0   0   0
0.244   1.79    0.11    247.75  -0.334396   0.171069    0.1498
0.244   1.79    0.11    262.78  -0.287411   0.139383    0.0898178
0.244   1.79    0.11    277.79  -0.0869374  0.126555    0.0411542
0.244   1.79    0.11    292.79  -0.554198   0.17382 0.202512
0.244   1.79    0.11    307.77  -0.168425   0.106309    0.0624804
0.244   1.79    0.11    322.73  -0.169392   0.0831961   0.0402565
0.244   1.79    0.11    337.66  -0.185759   0.0835051   0.0379278
0.244   1.79    0.11    352.56  0.067405    0.0912899   0.0376165
0.244   1.79    0.15    7.42    0.146673    0.0727074   0.0299421
0.244   1.79    0.15    22.25   0.097091    0.0699379   0.0225089
0.244   1.79    0.15    37.15   0.144943    0.0673357   0.0396754
0.244   1.79    0.15    52.12   0.132955    0.0832519   0.0274899
0.244   1.79    0.15    67.12   -0.0128894  0.122456    0.0199144
0.244   1.79    0.15    82.14   0.321075    0.144751    0.100727
0.244   1.79    0.15    97.17   0.27911 0.128364    0.0766467
0.244   1.79    0.15    112.21  0.20132 0.136028    0.0757188
0.244   1.79    0.15    127.27  0.332264    0.18329 0.136758
0.244   1.79    0.15    142.32  -0.169975   0.251781    0.112921
0.244   1.79    0.15    157.39  0.345304    0.346193    0.184337
0.244   1.79    0.15    172.46  0.00908501  0.390666    0.143425
0.244   1.79    0.15    187.54  0.135113    0.565492    0.205975
0.244   1.79    0.15    202.61  -0.484054   0.370634    0.424167
0.244   1.79    0.15    217.68  -0.216931   0.23509 0.031464
0.244   1.79    0.15    232.73  -0.262951   0.238458    0.11615
0.244   1.79    0.15    247.79  -0.369017   0.150582    0.106971
0.244   1.79    0.15    262.83  -0.350065   0.126624    0.053432
0.244   1.79    0.15    277.86  -0.380767   0.115607    0.0768921
0.244   1.79    0.15    292.88  -0.539709   0.140222    0.0711409
0.244   1.79    0.15    307.88  -0.212199   0.0932988   0.0276876
0.244   1.79    0.15    322.85  -0.172  0.0721529   0.031209
0.244   1.79    0.15    337.75  -0.0722079  0.0626442   0.0147923
0.244   1.79    0.15    352.58  0.0736601   0.0669029   0.0295471
0.244   1.79    0.2 7.52    0.0181282   0.0733946   0.0426165
0.244   1.79    0.2 22.29   0.183942    0.0691267   0.0264406
0.244   1.79    0.2 37.03   0.0118694   0.0689119   0.0356212
0.244   1.79    0.2 52.02   0.229138    0.0842089   0.0597849
0.244   1.79    0.2 67.04   0.223224    0.117187    0.05551
0.244   1.79    0.2 82.09   0.392806    0.163675    0.0863206
0.244   1.79    0.2 97.14   0.611977    0.189603    0.125145
0.244   1.79    0.2 112.19  0.449907    0.178905    0.0921855
0.244   1.79    0.2 127.25  0.310241    0.215444    0.13171
0.244   1.79    0.2 142.32  0.183583    0.255307    0.0590142
0.244   1.79    0.2 157.39  0.18883 0.267774    0.062734
0.244   1.79    0.2 172.46  0.316872    0.354323    0.110596
0.244   1.79    0.2 187.54  0   0   0
0.244   1.79    0.2 202.61  -0.345418   0.273178    0.114068
0.244   1.79    0.2 217.68  -0.0165414  0.19701 0.0902343
0.244   1.79    0.2 232.75  0.147795    0.253308    0.227837
0.244   1.79    0.2 247.81  -0.0679443  0.189314    0.0729488
0.244   1.79    0.2 262.86  -0.168992   0.160431    0.0563575
0.244   1.79    0.2 277.91  -0.34741    0.132162    0.0479837
0.244   1.79    0.2 292.96  -0.170802   0.144483    0.0830267
0.244   1.79    0.2 307.98  -0.304  0.100139    0.0527238
0.244   1.79    0.2 322.97  -0.279628   0.0759585   0.0452781
0.244   1.79    0.2 337.71  -0.135177   0.0638386   0.026708
0.244   1.79    0.2 352.48  -0.154676   0.0658527   0.023533
0.244   1.79    0.26    7.94    -0.124084   0.0788592   0.0422569
0.244   1.79    0.26    22.8    0.0772715   0.0643433   0.0139628
0.244   1.79    0.26    36.9    0.39492 0.0703688   0.0453593
0.244   1.79    0.26    51.92   0.196813    0.0764554   0.0494409
0.244   1.79    0.26    66.98   0.20972 0.110617    0.0397871
0.244   1.79    0.26    82.04   0.291721    0.150967    0.0659958
0.244   1.79    0.26    97.11   0.18961 0.148089    0.0871685
0.244   1.79    0.26    112.17  0.335052    0.165706    0.0750749
0.244   1.79    0.26    127.24  0.302784    0.223495    0.254801
0.244   1.79    0.26    142.31  0.334638    0.361047    0.137496
0.244   1.79    0.26    157.38  0.1678  0.412082    0.227335
0.244   1.79    0.26    172.46  0.105263    0.337052    0.0902451
0.244   1.79    0.26    187.54  0.529891    0.515429    0.153758
0.244   1.79    0.26    202.62  -0.214646   0.326961    0.0475737
0.244   1.79    0.26    217.69  -0.0159574  0.287258    0.312101
0.244   1.79    0.26    232.76  -0.053681   0.265595    0.090224
0.244   1.79    0.26    247.83  -0.369756   0.199637    0.0613532
0.244   1.79    0.26    262.89  -0.102928   0.143373    0.0533998
0.244   1.79    0.26    277.96  -0.405907   0.12959 0.0583141
0.244   1.79    0.26    293.02  -0.30266    0.119066    0.0765488
0.244   1.79    0.26    308.08  -0.314028   0.106284    0.0407206
0.244   1.79    0.26    323.1   -0.151005   0.0711765   0.0276634
0.244   1.79    0.26    337.2   -0.187003   0.0586465   0.0256851
0.244   1.79    0.26    352.06  -0.164683   0.06467 0.0223446
0.244   1.8 0.34    9.48    0   0   0
0.244   1.8 0.34    24.21   0.182576    0.084113    0.0434464
0.244   1.8 0.34    36.86   0.179073    0.0653283   0.0361673
0.244   1.8 0.34    51.81   0.374097    0.0868574   0.0356012
0.244   1.8 0.34    66.91   0.287392    0.126326    0.0870585
0.244   1.8 0.34    82.00   0.164524    0.180254    0.0606084
0.244   1.8 0.34    97.08   0.164521    0.170349    0.0739422
0.244   1.8 0.34    112.15  0.0135659   0.213191    0.122102
0.244   1.8 0.34    127.23  0.756806    0.349949    0.283939
0.244   1.8 0.34    142.31  0   0   0
0.244   1.8 0.34    157.38  0.39557 0.777765    0.0863919
0.244   1.8 0.34    172.46  0   0   0
0.244   1.8 0.34    187.54  0   0   0
0.244   1.8 0.34    202.62  0.351064    0.663671    0.935661
0.244   1.8 0.34    217.69  -0.29623    0.367082    0.224067
0.244   1.8 0.34    232.77  -0.257253   0.347987    0.216721
0.244   1.8 0.34    247.85  -0.277526   0.24895 0.145601
0.244   1.8 0.34    262.92  -0.0692737  0.141008    0.0353928
0.244   1.8 0.34    278.00  -0.313212   0.135204    0.0746995
0.244   1.8 0.34    293.09   0.0619195   0.11904 0.0685206
0.244   1.8 0.34    308.19  -0.279163   0.105064    0.0548175
0.244   1.8 0.34    323.14  -0.230709   0.0703333   0.0351065
0.244   1.8 0.34    335.79  -0.139212   0.0671308   0.0199586
0.244   1.8 0.34    350.52  0   0   0
0.244   2.12    0.11    7.54    -0.102828   0.0762503   0.0524807
0.244   2.12    0.11    22.6    -0.0456113  0.0638159   0.0162269
0.244   2.12    0.11    37.61   0.220204    0.0668984   0.0372241
0.244   2.12    0.11    52.44   0.0861462   0.0784995   0.0207888
0.244   2.12    0.11    67.2    0.160386    0.0983628   0.0365516
0.244   2.12    0.11    82.22   0.165803    0.100194    0.0370079
0.244   2.12    0.11    97.24   0.272584    0.10145 0.0760886
0.244   2.12    0.11    112.27  0.314792    0.145349    0.0333532
0.244   2.12    0.11    127.31  0.128423    0.220248    0.0361395
0.244   2.12    0.11    142.36  0.161053    0.245991    0.115452
0.244   2.12    0.11    157.41  -0.082439   0.272317    0.0850726
0.244   2.12    0.11    172.47  0.117949    0.413448    0.170032
0.244   2.12    0.11    187.53  -0.0427673  0.414088    0.29062
0.244   2.12    0.11    202.59  -0.185845   0.280154    0.186512
0.244   2.12    0.11    217.64  -0.215523   0.215948    0.121218
0.244   2.12    0.11    232.69  -0.186097   0.20598 0.082167
0.244   2.12    0.11    247.73  -0.199383   0.129913    0.0773157
0.244   2.12    0.11    262.76  -0.416466   0.119777    0.0679144
0.244   2.12    0.11    277.78  -0.258463   0.101677    0.0476866
0.244   2.12    0.11    292.8   -0.153198   0.0940394   0.0306217
0.244   2.12    0.11    307.56  -0.0783255  0.0781251   0.0239441
0.244   2.12    0.11    322.39  -0.169102   0.0626887   0.0358982
0.244   2.12    0.11    337.4   0.0100835   0.0653292   0.0196822
0.244   2.12    0.11    352.46  0.0277876   0.0715231   0.0269897
0.245   2.12    0.15    7.67    0.00413043  0.0794026   0.0183202
0.245   2.12    0.15    22.96   0.149884    0.0651275   0.0228776
0.245   2.12    0.15    37.7    0.104366    0.0630315   0.0388718
0.245   2.12    0.15    52.54   0.209677    0.0730009   0.0472912
0.245   2.12    0.15    67.11   0.0572451   0.0840084   0.0232543
0.245   2.12    0.15    82.14   0.137831    0.0929202   0.0492256
0.245   2.12    0.15    97.19   0.0699613   0.0912472   0.0540866
0.245   2.12    0.15    112.24  0.0197795   0.101829    0.0642523
0.245   2.12    0.15    127.29  0.140118    0.156869    0.0613888
0.245   2.12    0.15    142.35  -0.0353003  0.173413    0.0480363
0.245   2.12    0.15    157.41  0.0154131   0.177573    0.0494214
0.245   2.12    0.15    172.47  -0.180384   0.238487    0.0827052
0.245   2.12    0.15    187.53  0.0187198   0.225268    0.1552
0.245   2.12    0.15    202.59  -0.325733   0.177936    0.0507714
0.245   2.12    0.15    217.65  -0.211656   0.159383    0.0592305
0.245   2.12    0.15    232.71  0.241787    0.142866    0.0660594
0.245   2.12    0.15    247.76  -0.0714042  0.109514    0.0302899
0.245   2.12    0.15    262.81  -0.251507   0.0998402   0.0408147
0.245   2.12    0.15    277.86  -0.0159157  0.0864067   0.0458969
0.245   2.12    0.15    292.89  -0.147887   0.0900901   0.0195963
0.245   2.12    0.15    307.46  -0.0631825  0.0694047   0.0275044
0.245   2.12    0.15    322.3   -0.165625   0.0605349   0.0283058
0.245   2.12    0.15    337.04  -0.168306   0.0597631   0.0298243
0.245   2.12    0.15    352.33  -0.118441   0.0765049   0.0353823
0.245   2.12    0.2 8.89    0   0   0
0.245   2.12    0.2 23.98   0   0   0
0.245   2.12    0.2 38.17   0.154886    0.0649775   0.0327154
0.245   2.12    0.2 52.69   0.227514    0.0740568   0.0273899
0.245   2.12    0.2 67.03   0.380665    0.102253    0.0586118
0.245   2.12    0.2 82.09   0.12839 0.10328 0.0342199
0.245   2.12    0.2 97.15   0.347503    0.113274    0.0660889
0.245   2.12    0.2 112.22  0.220477    0.129452    0.0945278
0.245   2.12    0.2 127.28  0.108893    0.192232    0.050547
0.245   2.12    0.2 142.34  0.509207    0.194243    0.153682
0.245   2.12    0.2 157.4   0.245075    0.167975    0.0673011
0.245   2.12    0.2 172.47  0.0816864   0.229765    0.0585757
0.245   2.12    0.2 187.53  0.300905    0.224771    0.067881
0.245   2.12    0.2 202.6   0.139415    0.151577    0.0386036
0.245   2.12    0.2 217.66  -0.294668   0.1665  0.11336
0.245   2.12    0.2 232.72  -0.148766   0.160622    0.0505519
0.245   2.12    0.2 247.78  -0.274297   0.151372    0.0628482
0.245   2.12    0.2 262.85  -0.185468   0.120864    0.0713555
0.245   2.12    0.2 277.91  -0.134609   0.105882    0.0481348
0.245   2.12    0.2 292.97  -0.186481   0.104031    0.0575187
0.245   2.12    0.2 307.31  -0.135749   0.083007    0.0381619
0.245   2.12    0.2 321.83  -0.207723   0.0666257   0.0365181
0.245   2.12    0.2 336.02  0   0   0
0.245   2.12    0.2 351.11  0   0   0
0.245   2.12    0.26    14.3    0   0   0
0.245   2.12    0.26    26.39   0   0   0
0.245   2.12    0.26    38.87   0.341945    0.0681017   0.0400806
0.245   2.12    0.26    52.71   0.210635    0.0675572   0.0494148
0.245   2.12    0.26    66.97   0.218339    0.093488    0.0717971
0.245   2.12    0.26    82.06   0.373163    0.117501    0.0531192
0.245   2.12    0.26    97.13   0.2974  0.113584    0.0393635
0.245   2.12    0.26    112.2   0.209866    0.128969    0.0432589
0.245   2.12    0.26    127.27  -0.218274   0.167087    0.0607025
0.245   2.12    0.26    142.33  0.418549    0.197252    0.17669
0.245   2.12    0.26    157.4   0.383663    0.168723    0.0799747
0.245   2.12    0.26    172.47  -0.114162   0.195929    0.0919224
0.245   2.12    0.26    187.53  0.122689    0.221271    0.161698
0.245   2.12    0.26    202.6   -0.30014    0.168898    0.0687942
0.245   2.12    0.26    217.67  -0.0601966  0.154978    0.0764836
0.245   2.12    0.26    232.73  -0.345692   0.176729    0.0864914
0.245   2.12    0.26    247.8   -0.199029   0.162304    0.070322
0.245   2.12    0.26    262.87  -0.132159   0.122592    0.0507184
0.245   2.12    0.26    277.94  -0.107401   0.106696    0.0496019
0.245   2.12    0.26    293.03  -0.221591   0.0902755   0.059063
0.245   2.12    0.26    307.29  -0.280606   0.078998    0.0399339
0.245   2.12    0.26    321.13  -0.210207   0.0719169   0.0424681
0.245   2.12    0.26    333.61  0   0   0
0.245   2.12    0.26    345.7   0   0   0
0.245   2.12    0.34    7.5 0   0   0
0.245   2.12    0.34    28.65   0   0   0
0.245   2.12    0.34    39.99   0.133633    0.0783589   0.0420535
0.245   2.12    0.34    52.42   0.121959    0.0692616   0.0192721
0.245   2.12    0.34    66.92   0.270536    0.0937285   0.0404231
0.245   2.12    0.34    82.02   0.146438    0.116937    0.0535133
0.245   2.12    0.34    97.11   0.417787    0.127904    0.0782074
0.245   2.12    0.34    112.19  0.263889    0.139551    0.0487067
0.245   2.12    0.34    127.26  0.344585    0.176817    0.101494
0.245   2.12    0.34    142.33  0.0512195   0.22947 0.0401815
0.245   2.12    0.34    157.4   -0.0408163  0.215866    0.0620351
0.245   2.12    0.34    172.46  0.238356    0.234507    0.0604241
0.245   2.12    0.34    187.54  -0.310606   0.30461 0.0697612
0.245   2.12    0.34    202.6   -0.10625    0.177779    0.0333608
0.245   2.12    0.34    217.67  -0.089613   0.171529    0.0878363
0.245   2.12    0.34    232.74  -0.191679   0.177498    0.0857027
0.245   2.12    0.34    247.81  -0.0923277  0.163018    0.0583541
0.245   2.12    0.34    262.89  -0.157084   0.129387    0.0395928
0.245   2.12    0.34    277.98  -0.0994725  0.10283 0.0230795
0.245   2.12    0.34    293.08  -0.171311   0.100039    0.0380546
0.245   2.12    0.34    307.58  -0.142629   0.0798532   0.032771
0.245   2.12    0.34    320.01  -0.105137   0.0799166   0.0227034
0.245   2.12    0.34    331.35  0   0   0
0.245   2.12    0.34    352.5   0   0   0
0.245   2.12    0.45    7.5 0   0   0
0.245   2.12    0.45    22.5    0   0   0
0.245   2.12    0.45    40.64   0   0   0
0.245   2.12    0.45    51.97   0.00679117  0.0696106   0.0124578
0.245   2.12    0.45    66.88   0.135827    0.10597 0.0362746
0.245   2.12    0.45    82.00  0.275321    0.136071    0.0553691
0.245   2.12    0.45    97.09   0.385172    0.138464    0.177103
0.245   2.12    0.45    112.17  0.296471    0.150158    0.0948589
0.245   2.12    0.45    127.25  -0.273585   0.209616    0.0971073
0.245   2.12    0.45    142.32  0.549242    0.274083    0.169475
0.245   2.12    0.45    157.39  0.814286    0.32878 0.162445
0.245   2.12    0.45    172.46  0.0538721   0.239305    0.0894758
0.245   2.12    0.45    187.54  0.0378788   0.306964    0.0987254
0.245   2.12    0.45    202.61  -0.335664   0.239314    0.0856018
0.245   2.12    0.45    217.68  -0.306878   0.190879    0.12961
0.245   2.12    0.45    232.75  -0.305921   0.220367    0.141603
0.245   2.12    0.45    247.83  -0.459119   0.228104    0.0951803
0.245   2.12    0.45    262.91  0.0151976   0.12159 0.0334579
0.245   2.12    0.45    278.00  -0.102066   0.106087    0.0310281
0.245   2.12    0.45    293.12  -0.193869   0.102345    0.0365517
0.245   2.12    0.45    308.03  -0.133672   0.0851091   0.0349716
0.245   2.12    0.45    319.36  -0.140871   0.0979754   0.0548116
0.245   2.12    0.45    337.5   0   0   0
0.245   2.12    0.45    352.5   0   0   0
0.274   1.94    0.2 7.39    0.0738946   0.0916271   0.0314278
0.274   1.94    0.2 22.22   0.0773067   0.0937021   0.0432145
0.274   1.94    0.2 37.12   -0.00795594 0.0930252   0.0391739
0.274   1.94    0.2 52.09   0.231204    0.103829    0.0460415
0.274   1.94    0.2 67.1    0.0391181   0.160822    0.0400008
0.274   1.94    0.2 82.12   0.379875    0.194344    0.141766
0.274   1.94    0.2 97.16   0.310315    0.172371    0.120912
0.274   1.94    0.2 112.21  0.242739    0.187205    0.0824685
0.274   1.94    0.2 127.26  0.0612813   0.304001    0.124279
0.274   1.94    0.2 142.32  0   0   0
0.274   1.94    0.2 157.39  0.0711176   0.635298    0.490236
0.274   1.94    0.2 172.46  0   0   0
0.274   1.94    0.2 187.54  0.183355    0.638934    0.411417
0.274   1.94    0.2 202.61  -0.333333   0.461491    0.184929
0.274   1.94    0.2 217.68  0.317406    0.456517    0.222092
0.274   1.94    0.2 232.74  -0.215365   0.373381    0.234422
0.274   1.94    0.2 247.79  -0.5232 0.281771    0.123249
0.274   1.94    0.2 262.84  -0.0882029  0.168026    0.109177
0.274   1.94    0.2 277.88  -0.44166    0.167308    0.102656
0.274   1.94    0.2 292.9   -0.410714   0.184937    0.0805823
0.274   1.94    0.2 307.91  -0.160417   0.130269    0.0707045
0.274   1.94    0.2 322.88  -0.36294    0.0971118   0.067523
0.274   1.94    0.2 337.78  -0.0984643  0.0788459   0.0230963
0.274   1.94    0.2 352.61  -0.247095   0.0848773   0.0296137
0.274   1.94    0.26    7.47    0.076   0.0772601   0.0337785
0.274   1.94    0.26    22.11   0.0457004   0.0809112   0.0320656
0.274   1.94    0.26    37.00  0.155403    0.0823677   0.0315603
0.274   1.94    0.26    51.99   0.206035    0.0922801   0.0439203
0.274   1.94    0.26    67.02   0.384096    0.136795    0.071217
0.274   1.94    0.26    82.07   0.248491    0.177628    0.133226
0.274   1.94    0.26    97.12   0.307918    0.19511 0.0750707
0.274   1.94    0.26    112.19  0.25    0.190055    0.0741833
0.274   1.94    0.26    127.25  0.28513 0.306778    0.121813
0.274   1.94    0.26    142.31  -0.635057   0.709037    0.65703
0.274   1.94    0.26    157.39  0   0   0
0.274   1.94    0.26    172.46  0   0   0
0.274   1.94    0.26    187.54  0   0   0
0.274   1.94    0.26    202.61  0   0   0
0.274   1.94    0.26    217.69  0   0   0
0.274   1.94    0.26    232.75  -1.01818    0.68202 0.520071
0.274   1.94    0.26    247.81  -0.488722   0.32337 0.22793
0.274   1.94    0.26    262.88  -0.0821256  0.180764    0.0665588
0.274   1.94    0.26    277.93  -0.170819   0.141049    0.0628932
0.274   1.94    0.26    292.98  -0.334937   0.137115    0.0698504
0.274   1.94    0.26    308.01  -0.336861   0.12077 0.0669488
0.274   1.94    0.26    323.00  -0.0438135  0.0831239   0.0303572
0.274   1.94    0.26    337.89  -0.0958404  0.067099    0.0219073
0.274   1.94    0.26    352.53  -0.0239647  0.0679131   0.0267405
0.275   1.94    0.34    7.9 0.0305137   0.0784332   0.0299506
0.275   1.94    0.34    22.4    0.137847    0.0743821   0.0197258
0.275   1.94    0.34    36.83   0.173333    0.0817958   0.0546048
0.275   1.94    0.34    51.88   0.379717    0.104558    0.0565699
0.275   1.94    0.34    66.95   0.122186    0.129256    0.059437
0.275   1.94    0.34    82.02   0.0409836   0.183711    0.0558271
0.275   1.94    0.34    97.09   0.164921    0.24041 0.157758
0.275   1.94    0.34    112.16  -0.101408   0.316586    0.234706
0.275   1.94    0.34    127.24  0.81448 0.8255  0.794472
0.275   1.94    0.34    142.31  0   0   0
0.275   1.94    0.34    157.39  0   0   0
0.275   1.94    0.34    172.46  0   0   0
0.275   1.94    0.34    187.54  0   0   0
0.275   1.94    0.34    202.61  0   0   0
0.275   1.94    0.34    217.69  0   0   0
0.275   1.94    0.34    232.76  0.0605469   0.563198    0.070172
0.275   1.94    0.34    247.84  -0.165192   0.377978    0.145862
0.275   1.94    0.34    262.91  -0.381877   0.189753    0.158504
0.275   1.94    0.34    277.98  -0.394886   0.153707    0.115862
0.275   1.94    0.34    293.05  -0.394867   0.148469    0.0851966
0.275   1.94    0.34    308.12  -0.433556   0.135409    0.109323
0.275   1.94    0.34    323.17  -0.158716   0.0855715   0.0503467
0.275   1.94    0.34    337.6   -0.103332   0.0681122   0.0380702
0.275   1.94    0.34    352.1   -0.0550677  0.0662947   0.0191368
0.275   2.35    0.2 7.61    0.0667909   0.0785794   0.077438
0.275   2.35    0.2 22.79   0.11989 0.0827974   0.0843723
0.275   2.35    0.2 37.67   0.256633    0.0691  0.0359194
0.275   2.35    0.2 52.38   0.145355    0.0822714   0.0312938
0.275   2.35    0.2 67.08   0.123685    0.114593    0.0397141
0.275   2.35    0.2 82.13   0.269875    0.112677    0.0403433
0.275   2.35    0.2 97.18   0.146586    0.117308    0.0553969
0.275   2.35    0.2 112.23  0.0451613   0.135576    0.0996794
0.275   2.35    0.2 127.29  0.375758    0.239265    0.152756
0.275   2.35    0.2 142.34  0.199442    0.262793    0.157441
0.275   2.35    0.2 157.41  0.3 0.193321    0.0912603
0.275   2.35    0.2 172.47  -0.159322   0.259829    0.133328
0.275   2.35    0.2 187.53  0   0   0
0.275   2.35    0.2 202.59  -0.200234   0.201676    0.0757364
0.275   2.35    0.2 217.66  -0.17443    0.179214    0.0552378
0.275   2.35    0.2 232.71  -0.350381   0.204982    0.0773926
0.275   2.35    0.2 247.77  -0.134701   0.152567    0.048135
0.275   2.35    0.2 262.82  -0.221504   0.109278    0.052444
0.275   2.35    0.2 277.87  -0.215267   0.11058 0.029093
0.275   2.35    0.2 292.92  -0.360846   0.109238    0.0775942
0.275   2.35    0.2 307.62  -0.425572   0.0914434   0.0810404
0.275   2.35    0.2 322.33  -0.164638   0.0734992   0.0456025
0.275   2.35    0.2 337.21  -0.0477113  0.0650775   0.0250101
0.275   2.35    0.2 352.39  -0.0365763  0.0762703   0.0198198
0.275   2.35    0.26    8.25    0   0   0
0.275   2.35    0.26    23.32   0.0147682   0.0735896   0.0466317
0.275   2.35    0.26    37.74   0.254444    0.0633503   0.0285116
0.275   2.35    0.26    52.32   0.0722184   0.0747678   0.0717012
0.275   2.35    0.26    67.02   0.314795    0.107822    0.0612922
0.275   2.35    0.26    82.08   0.284888    0.126212    0.0360085
0.275   2.35    0.26    97.15   0.209552    0.12065 0.0365499
0.275   2.35    0.26    112.21  0.43326 0.130067    0.0743087
0.275   2.35    0.26    127.28  0.0168831   0.167549    0.0235242
0.275   2.35    0.26    142.34  0.307563    0.233907    0.0443642
0.275   2.35    0.26    157.4   0.0904762   0.245905    0.0862607
0.275   2.35    0.26    172.47  0.0992366   0.243165    0.109798
0.275   2.35    0.26    187.53  -0.374341   0.270141    0.19323
0.275   2.35    0.26    202.6   -0.370629   0.202816    0.13386
0.275   2.35    0.26    217.66  -0.128978   0.173504    0.0714353
0.275   2.35    0.26    232.72  -0.291525   0.191671    0.123068
0.275   2.35    0.26    247.79  -0.255079   0.148762    0.0677775
0.275   2.35    0.26    262.85  -0.162971   0.127498    0.0450491
0.275   2.35    0.26    277.92  -0.217816   0.102881    0.0367407
0.275   2.35    0.26    292.98  -0.172662   0.106915    0.0467045
0.275   2.35    0.26    307.68  -0.148815   0.0843477   0.0427622
0.275   2.35    0.26    322.26  -0.216183   0.0656532   0.0268412
0.275   2.35    0.26    336.68  -0.215372   0.0669744   0.0616585
0.275   2.35    0.26    351.75  0   0   0
0.275   2.35    0.34    10.63   0   0   0
0.275   2.35    0.34    25.61   0   0   0
0.275   2.35    0.34    38.16   0.069341    0.0680176   0.0288052
0.275   2.35    0.34    52.21   0.23132 0.0710448   0.0404688
0.275   2.35    0.34    66.95   0.272438    0.107466    0.0526319
0.275   2.35    0.34    82.04   0.274623    0.137772    0.0834398
0.275   2.35    0.34    97.12   0.092869    0.143027    0.0819928
0.275   2.35    0.34    112.19  0.258242    0.140458    0.0348814
0.275   2.35    0.34    127.26  0.156788    0.171573    0.0888088
0.275   2.35    0.34    142.33  0.638225    0.327733    0.161346
0.275   2.35    0.34    157.4   -0.0559796  0.241985    0.0969335
0.275   2.35    0.34    172.46  0.120482    0.299638    0.148452
0.275   2.35    0.34    187.54  0   0   0
0.275   2.35    0.34    202.6   0.338028    0.259042    0.130872
0.275   2.35    0.34    217.67  -0.04814    0.168621    0.0551314
0.275   2.35    0.34    232.74  -0.147619   0.187072    0.0966229
0.275   2.35    0.34    247.81  -0.0795455  0.156178    0.0508234
0.275   2.35    0.34    262.88  -0.41573    0.129368    0.0965464
0.275   2.35    0.34    277.96  -0.0699153  0.112473    0.0441897
0.275   2.35    0.34    293.05  -0.203704   0.118273    0.0432089
0.275   2.35    0.34    307.79  -0.326958   0.0876707   0.0554034
0.275   2.35    0.34    321.84  -0.111361   0.0708791   0.0564194
0.275   2.35    0.34    334.39  0   0   0
0.275   2.35    0.34    349.37  0   0   0
0.275   2.35    0.45    7.5 0   0   0
0.275   2.35    0.45    28.13   0   0   0
0.275   2.35    0.45    38.8    0.256112    0.07018 0.0371357
0.275   2.35    0.45    51.96   0.117232    0.0688223   0.0234919
0.275   2.35    0.45    66.9    0.485981    0.110843    0.0924156
0.275   2.35    0.45    82.01   0.102467    0.13901 0.0804107
0.275   2.35    0.45    97.1    0.486111    0.161338    0.0572728
0.275   2.35    0.45    112.18  0.216129    0.154032    0.0507599
0.275   2.35    0.45    127.26  0.665428    0.236071    0.150745
0.275   2.35    0.45    142.32  0.0324484   0.289189    0.0691947
0.275   2.35    0.45    157.4   0.112821    0.386285    0.0864002
0.275   2.35    0.45    172.47  -0.579186   0.419795    0.252318
0.275   2.35    0.45    187.53  -0.0497738  0.393999    0.259106
0.275   2.35    0.45    202.6   0.22    0.332155    0.165244
0.275   2.35    0.45    217.68  -0.463542   0.250821    0.169769
0.275   2.35    0.45    232.74  0.108   0.220857    0.0951883
0.275   2.35    0.45    247.82  0.225681    0.201842    0.103908
0.275   2.35    0.45    262.9   -0.505348   0.162121    0.108773
0.275   2.35    0.45    277.99  -0.0979381  0.134459    0.0505069
0.275   2.35    0.45    293.1   -0.241733   0.103458    0.0499479
0.275   2.35    0.45    308.04  -0.203378   0.0849103   0.0432598
0.275   2.35    0.45    321.2   -0.107822   0.0764044   0.0246593
0.275   2.35    0.45    331.87  0   0   0
0.275   2.35    0.45    352.5   0   0   0
0.304   2.1 0.2 7.42    0.0232009   0.115632    0.0421131
0.304   2.1 0.2 22.29   -0.0536481  0.116421    0.0477944
0.304   2.1 0.2 37.2    0.0955649   0.112272    0.0438613
0.304   2.1 0.2 52.16   0.205323    0.120811    0.0337688
0.304   2.1 0.2 67.15   0.212256    0.152326    0.117466
0.304   2.1 0.2 82.16   0.348595    0.199048    0.120774
0.304   2.1 0.2 97.19   -0.094451   0.238012    0.0832938
0.304   2.1 0.2 112.23  0.393281    0.344198    0.124783
0.304   2.1 0.2 127.28  -0.0745033  0.353294    0.121553
0.304   2.1 0.2 142.33  -0.390177   0.490974    0.611214
0.304   2.1 0.2 157.4   0.775758    0.771799    0.728609
0.304   2.1 0.2 172.46  0   0   0
0.304   2.1 0.2 187.54  0   0   0
0.304   2.1 0.2 202.6   0.729665    0.663645    0.383199
0.304   2.1 0.2 217.67  -0.538084   0.515389    0.160214
0.304   2.1 0.2 232.72  0   0   0
0.304   2.1 0.2 247.77  -0.484346   0.367745    0.312944
0.304   2.1 0.2 262.81  -0.273759   0.212185    0.233102
0.304   2.1 0.2 277.84  -0.372184   0.177066    0.0715563
0.304   2.1 0.2 292.85  -0.476815   0.188692    0.131776
0.304   2.1 0.2 307.84  -0.186275   0.138299    0.0759658
0.304   2.1 0.2 322.8   -0.1641 0.111187    0.0266958
0.304   2.1 0.2 337.71  -0.277304   0.0984929   0.0631664
0.304   2.1 0.2 352.58  -0.145756   0.108836    0.021553
0.304   2.58    0.2 7.52    0.00573572  0.0884634   0.0275784
0.304   2.58    0.2 22.49   0.0584416   0.0830121   0.0169076
0.304   2.58    0.2 37.48   0.186554    0.0840305   0.0366079
0.304   2.58    0.2 52.19   0.141782    0.0897059   0.0320485
0.304   2.58    0.2 67.14   0.243396    0.128914    0.0388748
0.304   2.58    0.2 82.17   0.424199    0.158231    0.0782882
0.304   2.58    0.2 97.21   0.118033    0.166876    0.0770953
0.304   2.58    0.2 112.25  -0.128767   0.20386 0.12525
0.304   2.58    0.2 127.3   0.515789    0.19745 0.094917
0.304   2.58    0.2 142.36  0.0237037   0.226709    0.0417021
0.304   2.58    0.2 157.41  0.0932722   0.191684    0.0452634
0.304   2.58    0.2 172.47  -0.103194   0.256435    0.0805198
0.304   2.58    0.2 187.53  -0.199391   0.232893    0.12328
0.304   2.58    0.2 202.59  0.0710059   0.203496    0.0889909
0.304   2.58    0.2 217.64  0.0691824   0.212099    0.089623
0.304   2.58    0.2 232.7   -0.15235    0.240085    0.0778433
0.304   2.58    0.2 247.75  -0.170963   0.221965    0.121505
0.304   2.58    0.2 262.79  -0.348022   0.15523 0.0489505
0.304   2.58    0.2 277.83  -0.234628   0.147486    0.0711927
0.304   2.58    0.2 292.86  -0.266162   0.125087    0.0597607
0.304   2.58    0.2 307.81  -0.127968   0.102373    0.0765352
0.304   2.58    0.2 322.52  -0.228331   0.0829082   0.0423939
0.304   2.58    0.2 337.51  0.152685    0.0717936   0.0365302
0.304   2.58    0.2 352.48  -0.145683   0.0915968   0.0204466
0.305   2.58    0.26    7.68    0.40076 0.0918115   0.0632776
0.305   2.58    0.26    22.75   0.12457 0.0871977   0.0323876
0.305   2.58    0.26    37.64   0.0777055   0.0790839   0.0234448
0.305   2.58    0.26    52.19   0.223797    0.0875052   0.0332663
0.305   2.58    0.26    67.07   0.23351 0.121201    0.0561481
0.305   2.58    0.26    82.12   0.210913    0.140557    0.056163
0.305   2.58    0.26    97.17   0.0421793   0.154749    0.0563171
0.305   2.58    0.26    112.23  0.283835    0.173598    0.0801431
0.305   2.58    0.26    127.29  0.0868794   0.21686 0.0935801
0.305   2.58    0.26    142.35  0.0196078   0.235325    0.0637503
0.305   2.58    0.26    157.4   0.0330189   0.200544    0.0498274
0.305   2.58    0.26    172.47  -0.0714286  0.212191    0.121371
0.305   2.58    0.26    187.53  0.216393    0.273022    0.0836497
0.305   2.58    0.26    202.6   0.1247  0.192829    0.0922977
0.305   2.58    0.26    217.65  -0.0594059  0.200737    0.163457
0.305   2.58    0.26    232.71  -0.0882353  0.245723    0.0584835
0.305   2.58    0.26    247.77  0.260788    0.205214    0.0888314
0.305   2.58    0.26    262.83  -0.347527   0.135703    0.119295
0.305   2.58    0.26    277.88  -0.192149   0.123381    0.0623018
0.305   2.58    0.26    292.93  -0.200586   0.120914    0.0236956
0.305   2.58    0.26    307.81  -0.350868   0.102232    0.064875
0.305   2.58    0.26    322.36  -0.0574513  0.07564 0.0313994
0.305   2.58    0.26    337.25  -0.0731354  0.0686716   0.0545969
0.305   2.58    0.26    352.32  -0.0489122  0.0718719   0.0322761
0.305   2.58    0.34    8.74    0   0   0
0.305   2.58    0.34    23.49   0.172683    0.0959466   0.0369002
0.305   2.58    0.34    37.77   0.20061 0.070355    0.0357928
0.305   2.58    0.34    52.1    0.0869565   0.0886531   0.0407783
0.305   2.58    0.34    66.99   0.36143 0.135916    0.0819751
0.305   2.58    0.34    82.07   0.234074    0.146292    0.0654997
0.305   2.58    0.34    97.14   0.412727    0.145804    0.0491238
0.305   2.58    0.34    112.21  0.240535    0.15439 0.10388
0.305   2.58    0.34    127.27  -0.318182   0.263829    0.181393
0.305   2.58    0.34    142.34  0.00490196  0.34314 0.0588807
0.305   2.58    0.34    157.4   0.297101    0.272264    0.0506255
0.305   2.58    0.34    172.46  0.076555    0.326005    0.115673
0.305   2.58    0.34    187.54  0.238372    0.349681    0.184659
0.305   2.58    0.34    202.6   0.0162162   0.291917    0.189207
0.305   2.58    0.34    217.66  -0.152482   0.225167    0.0864426
0.305   2.58    0.34    232.73  -0.586207   0.339315    0.276118
0.305   2.58    0.34    247.79  0.0780488   0.193068    0.0698083
0.305   2.58    0.34    262.86  -0.230444   0.146329    0.125412
0.305   2.58    0.34    277.93  -0.479053   0.150644    0.0982623
0.305   2.58    0.34    293.01  -0.323272   0.126899    0.0791923
0.305   2.58    0.34    307.9   -0.109756   0.104431    0.0307053
0.305   2.58    0.34    322.23  -0.106352   0.0820428   0.0635107
0.305   2.58    0.34    336.51  -0.209949   0.0759728   0.0371586
0.305   2.58    0.34    351.26  0   0   0
0.305   2.58    0.45    13.49   0   0   0
0.305   2.58    0.45    25.89   0   0   0
0.305   2.58    0.45    38.18   0.391277    0.0804939   0.0687502
0.305   2.58    0.45    51.9    0.216132    0.0819204   0.0374943
0.305   2.58    0.45    66.93   0.335766    0.128744    0.0772415
0.305   2.58    0.45    82.03   0.135593    0.147101    0.0701707
0.305   2.58    0.45    97.11   0.266871    0.157004    0.0766346
0.305   2.58    0.45    112.19  0.0660793   0.172059    0.0443987
0.305   2.58    0.45    127.26  0.0779221   0.29932 0.0931348
0.305   2.58    0.45    142.33  -0.352941   0.382734    0.257186
0.305   2.58    0.45    157.4   0.460177    0.443784    0.367547
0.305   2.58    0.45    172.47  -0.256158   0.332448    0.116993
0.305   2.58    0.45    187.53  -0.502008   0.339559    0.0804376
0.305   2.58    0.45    202.6   -0.441767   0.299366    0.150121
0.305   2.58    0.45    217.67  0.180124    0.295168    0.21587
0.305   2.58    0.45    232.74  -0.251613   0.336022    0.165555
0.305   2.58    0.45    247.81  -0.276786   0.228891    0.120805
0.305   2.58    0.45    262.89  0.0192308   0.153865    0.0355424
0.305   2.58    0.45    277.97  -0.0536131  0.132997    0.0562136
0.305   2.58    0.45    293.07  -0.185315   0.129094    0.0700055
0.305   2.58    0.45    308.1   -0.308316   0.102568    0.0410958
0.305   2.58    0.45    321.82  -0.170963   0.0828888   0.0273433
0.305   2.58    0.45    334.11  0   0   0
0.305   2.58    0.45    346.51  0   0   0
0.335   2.78    0.2 7.5 -0.073026   0.110191    0.0340818
0.335   2.78    0.2 22.42   -0.00852619 0.121806    0.016455
0.335   2.78    0.2 37.29   0.139809    0.103424    0.0413316
0.335   2.78    0.2 52.22   -0.135468   0.128868    0.0493815
0.335   2.78    0.2 67.22   0.0278293   0.165164    0.0577429
0.335   2.78    0.2 82.23   0.308656    0.217376    0.085708
0.335   2.78    0.2 97.25   0.140097    0.213952    0.0775526
0.335   2.78    0.2 112.29  0.0197628   0.20556 0.0712621
0.335   2.78    0.2 127.33  0.352113    0.232701    0.142985
0.335   2.78    0.2 142.37  0.329204    0.340909    0.157978
0.335   2.78    0.2 157.42  -0.264095   0.337008    0.207276
0.335   2.78    0.2 172.48  -0.15625    0.424288    0.058525
0.335   2.78    0.2 187.52  0.4047  0.425297    0.594151
0.335   2.78    0.2 202.58  -0.422886   0.371023    0.155374
0.335   2.78    0.2 217.63  -0.325234   0.29983 0.163215
0.335   2.78    0.2 232.67  -0.325377   0.235297    0.10793
0.335   2.78    0.2 247.71  -0.422735   0.229336    0.134758
0.335   2.78    0.2 262.75  -0.218023   0.184539    0.0983324
0.335   2.78    0.2 277.77  0.0146138   0.187905    0.0616143
0.335   2.78    0.2 292.78  -0.277693   0.177373    0.0817435
0.335   2.78    0.2 307.78  -0.417627   0.149738    0.0998904
0.335   2.78    0.2 322.71  -0.220568   0.117568    0.0699825
0.335   2.78    0.2 337.58  -0.0336773  0.100527    0.0230296
0.335   2.78    0.2 352.5   -0.0193662  0.104767    0.0234358
0.335   2.78    0.26    7.6 0.0089955   0.0979537   0.0265022
0.335   2.78    0.26    22.58   0.0363553   0.0897776   0.0180042
0.335   2.78    0.26    37.36   0.117268    0.0880366   0.0297816
0.335   2.78    0.26    52.11   0.0798158   0.0953699   0.0273846
0.335   2.78    0.26    67.13   0.456835    0.148313    0.0892013
0.335   2.78    0.26    82.16   0.377565    0.188994    0.0766792
0.335   2.78    0.26    97.2    -0.010084   0.196645    0.0235492
0.335   2.78    0.26    112.25  0.277641    0.191462    0.0571432
0.335   2.78    0.26    127.3   0.313869    0.233697    0.152798
0.335   2.78    0.26    142.36  -0.0603175  0.266984    0.204022
0.335   2.78    0.26    157.41  -0.312757   0.284662    0.0989729
0.335   2.78    0.26    172.47  0.394309    0.320173    0.0759123
0.335   2.78    0.26    187.53  0.365145    0.355069    0.177271
0.335   2.78    0.26    202.59  -0.19661    0.2197  0.0599875
0.335   2.78    0.26    217.64  -0.525253   0.206477    0.0855844
0.335   2.78    0.26    232.7   0.115702    0.218615    0.0917988
0.335   2.78    0.26    247.75  -0.345794   0.199089    0.0908544
0.335   2.78    0.26    262.8   -0.0675676  0.181738    0.146955
0.335   2.78    0.26    277.84  -0.176699   0.186397    0.0668963
0.335   2.78    0.26    292.87  -0.267003   0.15852 0.0626993
0.335   2.78    0.26    307.89  -0.384317   0.119615    0.0767313
0.335   2.78    0.26    322.64  -0.0582986  0.0863552   0.0241758
0.335   2.78    0.26    337.42  -0.180247   0.0803696   0.0436128
0.335   2.78    0.26    352.4   0.0168586   0.0838896   0.0378763
0.335   2.78    0.34    7.72    -0.100254   0.0837214   0.0611154
0.335   2.78    0.34    22.73   0.0802377   0.0918284   0.0666511
0.335   2.78    0.34    37.54   0.229135    0.0879928   0.0634092
0.335   2.78    0.34    51.99   0.339587    0.0982818   0.0564623
0.335   2.78    0.34    67.04   -0.0715308  0.130412    0.0216865
0.335   2.78    0.34    82.1    0.358491    0.163219    0.0926031
0.335   2.78    0.34    97.16   0.148148    0.19229 0.0782527
0.335   2.78    0.34    112.22  0.44    0.216153    0.124852
0.335   2.78    0.34    127.28  0.15942 0.233921    0.0813657
0.335   2.78    0.34    142.35  0.330986    0.372258    0.163586
0.335   2.78    0.34    157.41  0.419355    0.292263    0.140928
0.335   2.78    0.34    172.47  0.0828402   0.32619 0.112359
0.335   2.78    0.34    187.53  0.847826    0.571758    0.529366
0.335   2.78    0.34    202.59  0.00531915  0.250002    0.0957462
0.335   2.78    0.34    217.65  -0.292793   0.240695    0.0728228
0.335   2.78    0.34    232.72  -0.0622711  0.216394    0.125267
0.335   2.78    0.34    247.78  -0.447712   0.250629    0.221948
0.335   2.78    0.34    262.84  -0.110482   0.179183    0.0481591
0.335   2.78    0.34    277.9   -0.105169   0.134178    0.0307979
0.335   2.78    0.34    292.96  -0.263158   0.147568    0.0644834
0.335   2.78    0.34    308.01  -0.327293   0.125491    0.0680595
0.335   2.78    0.34    322.46  -0.0557971  0.0877725   0.028484
0.335   2.78    0.34    337.27  -0.0522911  0.0798572   0.0192205
0.335   2.78    0.34    352.28  -0.0447651  0.0818153   0.0382314
0.335   2.78    0.45    8.65    0   0   0
0.335   2.78    0.45    23.43   -0.0918984  0.103071    0.0501564
0.335   2.78    0.45    37.7    0.082495    0.0847008   0.04169
0.335   2.78    0.45    51.87   0.23065 0.0976874   0.0442334
0.335   2.78    0.45    66.97   0.215812    0.132365    0.0546833
0.335   2.78    0.45    82.05   0.720165    0.210165    0.152356
0.335   2.78    0.45    97.13   0.246512    0.208772    0.115118
0.335   2.78    0.45    112.2   0.241611    0.266839    0.136357
0.335   2.78    0.45    127.27  0.4 0.300869    0.141161
0.335   2.78    0.45    142.34  0.117117    0.380176    0.221597
0.335   2.78    0.45    157.41  -0.216495   0.42905 0.0602776
0.335   2.78    0.45    172.48  -0.125  0.448768    0.126977
0.335   2.78    0.45    187.52  -0.0849673  0.406217    0.157255
0.335   2.78    0.45    202.59  0.682353    0.46912 0.348119
0.335   2.78    0.45    217.66  -0.340426   0.309299    0.202248
0.335   2.78    0.45    232.73  -0.66443    0.344143    0.267529
0.335   2.78    0.45    247.8   -0.371728   0.262521    0.137402
0.335   2.78    0.45    262.87  -0.25   0.188762    0.112805
0.335   2.78    0.45    277.95  -0.610895   0.173235    0.0933819
0.335   2.78    0.45    293.03  -0.513953   0.153935    0.162034
0.335   2.78    0.45    308.13  -0.250394   0.120535    0.0706531
0.335   2.78    0.45    322.3   -0.304642   0.0887199   0.051585
0.335   2.78    0.45    336.57  -0.0856052  0.079801    0.0366864
0.335   2.78    0.45    351.35  0   0   0
0.365   2.97    0.26    7.44    0.073107    0.119447    0.0480873
0.365   2.97    0.26    22.39   -0.247115   0.12558 0.0533103
0.365   2.97    0.26    37.23   0.0474834   0.110245    0.0178245
0.365   2.97    0.26    52.19   0.417266    0.141379    0.0532723
0.365   2.97    0.26    67.19   0.228142    0.161328    0.119689
0.365   2.97    0.26    82.21   0.0708861   0.218084    0.126926
0.365   2.97    0.26    97.24   0.310256    0.20906 0.0922463
0.365   2.97    0.26    112.28  0.222222    0.184568    0.115648
0.365   2.97    0.26    127.32  0.312057    0.237841    0.0616293
0.365   2.97    0.26    142.37  -0.0930931  0.340334    0.264744
0.365   2.97    0.26    157.42  0.54717 0.529444    0.182388
0.365   2.97    0.26    172.48  0.563333    0.637575    0.178319
0.365   2.97    0.26    187.52  0   0   0
0.365   2.97    0.26    202.58  -0.547325   0.441716    0.313149
0.365   2.97    0.26    217.63  0   0   0
0.365   2.97    0.26    232.68  -0.408638   0.280047    0.0899809
0.365   2.97    0.26    247.72  -0.465839   0.215935    0.0947432
0.365   2.97    0.26    262.76  -0.190625   0.196026    0.0631358
0.365   2.97    0.26    277.79  -0.172676   0.187797    0.144642
0.365   2.97    0.26    292.81  -0.551343   0.206106    0.123198
0.365   2.97    0.26    307.81  -0.250295   0.160294    0.0887739
0.365   2.97    0.26    322.77  -0.154064   0.112404    0.0577805
0.365   2.97    0.26    337.61  -0.050996   0.097296    0.046759
0.365   2.97    0.26    352.56  0.114672    0.102299    0.0184194
0.365   2.97    0.34    7.48    -0.0964674  0.0967665   0.0285941
0.365   2.97    0.34    22.49   0.0522708   0.101207    0.0387224
0.365   2.97    0.34    37.22   0.182166    0.108198    0.0263552
0.365   2.97    0.34    52.07   0.0216667   0.116685    0.0251748
0.365   2.97    0.34    67.1    0.0679157   0.157144    0.0616332
0.365   2.97    0.34    82.14   0.133166    0.202214    0.0908352
0.365   2.97    0.34    97.19   0.207143    0.22462 0.0489589
0.365   2.97    0.34    112.24  -0.12069    0.186237    0.0489002
0.365   2.97    0.34    127.3   0.648485    0.287488    0.231326
0.365   2.97    0.34    142.35  -0.176471   0.376898    0.118042
0.365   2.97    0.34    157.41  0.244898    0.478897    0.443201
0.365   2.97    0.34    172.47  -0.321429   0.498405    0.24586
0.365   2.97    0.34    187.53  -0.238636   0.578443    0.294441
0.365   2.97    0.34    202.59  -0.374046   0.34312 0.331098
0.365   2.97    0.34    217.65  -0.408759   0.308126    0.192939
0.365   2.97    0.34    232.7   -0.286585   0.281905    0.128029
0.365   2.97    0.34    247.76  0.728571    0.328114    0.251153
0.365   2.97    0.34    262.81  -0.242798   0.205569    0.11808
0.365   2.97    0.34    277.86  -0.0691824  0.204727    0.0758548
0.365   2.97    0.34    292.9   -0.132597   0.194494    0.0681436
0.365   2.97    0.34    307.93  -0.182504   0.135775    0.0637996
0.365   2.97    0.34    322.78  -0.310231   0.10103 0.0758639
0.365   2.97    0.34    337.51  -0.0680886  0.0854478   0.0286093
0.365   2.97    0.34    352.52  0.0478645   0.0906443   0.0222796
0.365   2.97    0.45    7.76    0.0228408   0.0985183   0.0385757
0.365   2.97    0.45    22.66   -0.0238095  0.100019    0.0267379
0.365   2.97    0.45    37.33   0.25    0.108103    0.0594871
0.365   2.97    0.45    51.94   0.287879    0.113449    0.054749
0.365   2.97    0.45    67.01   0.0902778   0.153194    0.0559082
0.365   2.97    0.45    82.08   0.395062    0.272195    0.122606
0.365   2.97    0.45    97.15   0.233696    0.249039    0.0699897
0.365   2.97    0.45    112.22  -0.0307692  0.223143    0.138535
0.365   2.97    0.45    127.28  -0.0873016  0.278504    0.0727603
0.365   2.97    0.45    142.33  0   0   0
0.365   2.97    0.45    157.42  0.962963    0.544254    0.251506
0.365   2.97    0.45    172.49  -0.603774   0.694471    0.473799
0.365   2.97    0.45    187.51  -0.755556   0.817348    0.54939
0.365   2.97    0.45    202.58  -0.164384   0.428373    0.114676
0.365   2.97    0.45    217.67  0   0   0
0.365   2.97    0.45    232.72  0.136364    0.320206    0.228903
0.365   2.97    0.45    247.78  0.368852    0.273821    0.151011
0.365   2.97    0.45    262.85  0.118519    0.245591    0.178403
0.365   2.97    0.45    277.92  -0.424581   0.207277    0.137809
0.365   2.97    0.45    292.99  -0.0987124  0.185144    0.0454078
0.365   2.97    0.45    308.06  -0.722105   0.15363 0.149593
0.365   2.97    0.45    322.67  -0.170769   0.100965    0.0498332
0.365   2.97    0.45    337.34  -0.204911   0.0772806   0.0306079
0.365   2.97    0.45    352.24  -0.0335946  0.0767367   0.0208161
0.4 3.18    0.34    7.46    -0.118919   0.124902    0.0379141
0.4 3.18    0.34    22.33   0.125   0.127424    0.0238205
0.4 3.18    0.34    37.19   0.0959488   0.126182    0.0263606
0.4 3.18    0.34    52.17   0.299748    0.137392    0.0471065
0.4 3.18    0.34    67.17   0.29805 0.15479 0.0912041
0.4 3.18    0.34    82.2    0.235   0.208635    0.131352
0.4 3.18    0.34    97.23   0.196347    0.203489    0.1145
0.4 3.18    0.34    112.27  -0.096  0.240767    0.073041
0.4 3.18    0.34    127.32  -0.134228   0.256558    0.105395
0.4 3.18    0.34    142.37  0   0   0
0.4 3.18    0.34    157.43  -0.770186   0.76075 0.481515
0.4 3.18    0.34    172.48  0   0   0
0.4 3.18    0.34    187.52  0   0   0
0.4 3.18    0.34    202.57  -0.0507614  0.447065    0.260293
0.4 3.18    0.34    217.63  0.0509554   0.357   0.0447558
0.4 3.18    0.34    232.68  -0.278571   0.35153 0.210325
0.4 3.18    0.34    247.73  -0.089172   0.21075 0.115671
0.4 3.18    0.34    262.77  -0.674419   0.190557    0.161908
0.4 3.18    0.34    277.8   -0.126087   0.187939    0.0666419
0.4 3.18    0.34    292.83  -0.167722   0.182025    0.0621992
0.4 3.18    0.34    307.83  -0.506881   0.171125    0.11778
0.4 3.18    0.34    322.81  -0.046875   0.117273    0.0567474
0.4 3.18    0.34    337.67  -0.220065   0.100298    0.0387521
0.4 3.18    0.34    352.54  0.0460123   0.104369    0.0262337
0.4 3.18    0.45    7.52    0.0497738   0.0966098   0.0259714
0.4 3.18    0.45    22.49   0.0324786   0.0974708   0.0241187
0.4 3.18    0.45    37.08   0.0803783   0.104244    0.0381714
0.4 3.18    0.45    52.03   0.119741    0.113825    0.0316561
0.4 3.18    0.45    67.07   0.0824176   0.170705    0.0668989
0.4 3.18    0.45    82.12   0.153061    0.185162    0.0770514
0.4 3.18    0.45    97.18   0.290076    0.219724    0.128476
0.4 3.18    0.45    112.24  0.157895    0.212341    0.0770675
0.4 3.18    0.45    127.29  -0.234694   0.270031    0.114771
0.4 3.18    0.45    142.34  0.189474    0.372629    0.262098
0.4 3.18    0.45    157.41  0.952381    0.748321    0.39752
0.4 3.18    0.45    172.46  -0.730769   0.668279    0.1929
0.4 3.18    0.45    187.54  0   0   0
0.4 3.18    0.45    202.59  -0.476923   0.477003    0.345096
0.4 3.18    0.45    217.66  0   0   0
0.4 3.18    0.45    232.71  -0.0810811  0.325064    0.165246
0.4 3.18    0.45    247.76  -0.459259   0.236746    0.13534
0.4 3.18    0.45    262.82  -0.563492   0.201347    0.103918
0.4 3.18    0.45    277.88  -0.559211   0.210231    0.15153
0.4 3.18    0.45    292.93  -0.365385   0.195745    0.0598896
0.4 3.18    0.45    307.97  -0.34072    0.140887    0.0541707
0.4 3.18    0.45    322.92  -0.0756881  0.101111    0.032648
0.4 3.18    0.45    337.51  -0.12069    0.0831556   0.0304539
0.4 3.18    0.45    352.48  -0.123055   0.0824611   0.0122047
