id = 107
editor = DM

### Experiment E110

collaboration = HALLA
experiment = E110
process = ep2epgamma
exptype = fixed target
year = 2015
reference = arXiv:1504.05453
inspiretex = Defurne:2015kxq
reference2 = Kin2, Table VII

### Scattering Process

frame = Trento

in1energy = 5.7572
in1particle = em
in1energyunit = GeV
in1polarizationvector = L
in1polarization = 1

in2particle = p

out1particle = em
out2particle = p
out3particle = gamma


### Observable
# XUU


y1name = XUU
y1namelong = Beam Helicity Independent Cross Section
y1unit = pb/GeV^4
y1value = column5
y1errorstatistic = column6
# unsymmetric systematic errors 
#sysm (sysp) gives the negative (positive) value 
y1errorsystematicminus = column7
y1errorsystematicplus = column8
y1errornormalization = 0.028



### x-axes

x1name = xB
x1unit = 1
x1value = column1

x2name = Q2
x2unit = GeV^2
x2value = column2

x3name = tm
x3unit = GeV^2
x3value = column3

x4name = phi 
x4unit = deg
x4value = column4

### Data
#
# CLAS 2015 XUU
#
#xB Q2 -t phi XUU stat systm systp
###########################################################
table =
0.343   1.820   0.172   7.5     111.6   4.1 0.  2.3
0.343   1.820   0.172   22.5    117.6   3.9 0.3 0.7
0.343   1.820   0.172   37.5    99.8    3.5 0.5 0.3
0.343   1.820   0.172   52.5    94.1    3.3 3.4 0.
0.343   1.820   0.172   67.5    88.2    3.  2.1 0.
0.343   1.820   0.172   82.5    78.7    2.8 0.4 0.4
0.343   1.820   0.172   97.5    67.2    2.6 0.  3.6
0.343   1.820   0.172   112.5   60.8    2.4 1.3 0.5
0.343   1.820   0.172   127.5   57.5    2.3 2.3 0.
0.343   1.820   0.172   142.5   50.1    2.1 0.8 0.2
0.343   1.820   0.172   157.5   49.9    2.1 0.9 0.
0.343   1.820   0.172   172.5   48.1    2.  2.  0.
0.343   1.820   0.172   187.5   48.3    2.  1.5 0.
0.343   1.820   0.172   202.5   53.2    2.1 1.6 0.
0.343   1.820   0.172   217.5   52.7    2.2 0.7 0.
0.343   1.820   0.172   232.5   55.2    2.2 3.4 0.
0.343   1.820   0.172   247.5   58.5    2.3 0.9 0.2
0.343   1.820   0.172   262.5   63.1    2.4 2.8 0.
0.343   1.820   0.172   277.5   74.2    2.7 0.7 0.8
0.343   1.820   0.172   292.5   81.8    2.9 2.1 0.3
0.343   1.820   0.172   307.5   96.7    3.2 1.8 0.
0.343   1.820   0.172   322.5   105.6   3.5 1.2 0.
0.343   1.820   0.172   337.5   108.6   3.8 1.5 1.5
0.343   1.820   0.172   352.5   113.6   4.  0.  2.9
0.368   1.933   0.232   7.5     76.9    4.2 1.1 0.
0.368   1.933   0.232   22.5    68.6    3.7 2.8 0.
0.368   1.933   0.232   37.5    61.7    3.2 2.6 0.
0.368   1.933   0.232   52.5    66.9    3.  1.2 0.
0.368   1.933   0.232   67.5    55.5    2.7 2.  0.
0.368   1.933   0.232   82.5    46.1    2.4 0.9 0.1
0.368   1.933   0.232   97.5    40.1    2.1 1.4 0.1
0.368   1.933   0.232   112.5   37.7    2.  3.1 0.
0.368   1.933   0.232   127.5   34. 1.8 2.2 0.
0.368   1.933   0.232   142.5   33.9    1.7 0.9 0.
0.368   1.933   0.232   157.5   34.6    1.7 0.5 0.2
0.368   1.933   0.232   172.5   30.7    1.6 0.3 0.9
0.368   1.933   0.232   187.5   31.5    1.6 1.6 0.
0.368   1.933   0.232   202.5   35.7    1.7 0.  1.2
0.368   1.933   0.232   217.5   33.3    1.7 0.  0.6
0.368   1.933   0.232   232.5   33.7    1.8 1.1 0.2
0.368   1.933   0.232   247.5   37.7    2.  1.3 0.
0.368   1.933   0.232   262.5   40.4    2.1 1.7 0.
0.368   1.933   0.232   277.5   42.9    2.3 0.7 0.2
0.368   1.933   0.232   292.5   52.8    2.6 1.2 0.6
0.368   1.933   0.232   307.5   59.3    2.8 2.6 0.
0.368   1.933   0.232   322.5   62. 3.2 1.9 0.
0.368   1.933   0.232   337.5   73.3    3.8 0.  4.1
0.368   1.933   0.232   352.5   76.8    4.2 1.1 0.
0.375   1.964   0.278   7.5     75.2    5.6 1.7 2.2
0.375   1.964   0.278   22.5    59.7    4.5 0.6 1.4
0.375   1.964   0.278   37.5    57.9    3.8 1.5 0.9
0.375   1.964   0.278   52.5    50.4    3.2 4.2 0.
0.375   1.964   0.278   67.5    40. 2.8 1.1 0.2
0.375   1.964   0.278   82.5    36.1    2.5 0.  1.3
0.375   1.964   0.278   97.5    35.2    2.2 1.8 0.6
0.375   1.964   0.278   112.5   33. 2.1 1.4 0.
0.375   1.964   0.278   127.5   29.3    1.8 3.  0.1
0.375   1.964   0.278   142.5   28. 1.7 1.4 0.
0.375   1.964   0.278   157.5   26.3    1.7 2.8 0.
0.375   1.964   0.278   172.5   26.8    1.7 0.7 0.
0.375   1.964   0.278   187.5   26.6    1.7 0.6 0.2
0.375   1.964   0.278   202.5   24.7    1.6 1.5 0.
0.375   1.964   0.278   217.5   28.4    1.8 4.2 0.
0.375   1.964   0.278   232.5   28.4    1.9 1.5 0.
0.375   1.964   0.278   247.5   37.3    2.2 2.5 0.
0.375   1.964   0.278   262.5   37.8    2.3 2.5 0.
0.375   1.964   0.278   277.5   40.2    2.4 2.6 0.
0.375   1.964   0.278   292.5   42.6    2.7 0.1 1.1
0.375   1.964   0.278   307.5   46.8    3.1 0.4 0.4
0.375   1.964   0.278   322.5   48. 3.5 2.  0.
0.375   1.964   0.278   337.5   60.3    4.5 0.5 1.6
0.375   1.964   0.278   352.5   60.7    5.3 3.5 0.5
0.379   1.986   0.323   7.5     66.2    7.7 0.9 3.2
0.379   1.986   0.323   22.5    64.1    6.3 2.  0.9
0.379   1.986   0.323   37.5    43.9    4.5 0.  1.8
0.379   1.986   0.323   52.5    42.5    3.8 2.8 0.
0.379   1.986   0.323   67.5    35.3    3.1 2.9 0.
0.379   1.986   0.323   82.5    29.4    2.8 0.4 1.2
0.379   1.986   0.323   97.5    27.4    2.4 2.  0.
0.379   1.986   0.323   112.5   24. 2.1 1.3 0.
0.379   1.986   0.323   127.5   25.5    2.  2.2 0.
0.379   1.986   0.323   142.5   22.4    1.9 1.3 0.5
0.379   1.986   0.323   157.5   21.3    2.1 2.6 0.
0.379   1.986   0.323   172.5   17.4    2.  0.  1.3
0.379   1.986   0.323   187.5   21.4    2.1 0.3 0.7
0.379   1.986   0.323   202.5   22.5    2.1 0.3 0.6
0.379   1.986   0.323   217.5   25.1    2.1 1.7 0.
0.379   1.986   0.323   232.5   26. 2.1 0.4 0.
0.379   1.986   0.323   247.5   30.5    2.4 3.1 0.1
0.379   1.986   0.323   262.5   28.2    2.5 0.3 1.3
0.379   1.986   0.323   277.5   32.6    2.7 1.7 0.
0.379   1.986   0.323   292.5   36.4    3.1 0.  3.
0.379   1.986   0.323   307.5   47.4    3.8 3.2 0.
0.379   1.986   0.323   322.5   46. 4.7 1.8 0.7
0.379   1.986   0.323   337.5   52.6    6.3 0.8 1.4
0.379   1.986   0.323   352.5   50. 7.3 13. 0.
0.381   1.999   0.371   7.5     70.6    11.8    0.  13.1
0.381   1.999   0.371   22.5    66.3    8.7 0.4 5.2
0.381   1.999   0.371   37.5    45.1    5.7 3.3 0.
0.381   1.999   0.371   52.5    39. 4.5 5.8 0.
0.381   1.999   0.371   67.5    41. 3.7 2.4 0.
0.381   1.999   0.371   82.5    26.7    2.9 3.3 0.
0.381   1.999   0.371   97.5    29.2    2.8 3.3 0.
0.381   1.999   0.371   112.5   25.9    2.6 1.  0.
0.381   1.999   0.371   127.5   21.4    2.4 1.4 0.1
0.381   1.999   0.371   142.5   16.1    2.4 1.4 0.
0.381   1.999   0.371   157.5   13.5    2.7 0.  2.7
0.381   1.999   0.371   172.5   17.5    3.2 1.7 0.
0.381   1.999   0.371   187.5   20.5    3.2 1.4 0.
0.381   1.999   0.371   202.5   21.7    2.9 1.8 0.
0.381   1.999   0.371   217.5   26.5    2.6 1.4 0.
0.381   1.999   0.371   232.5   20.1    2.2 2.4 0.
0.381   1.999   0.371   247.5   25.7    2.6 1.8 0.
0.381   1.999   0.371   262.5   21.7    2.6 1.6 0.6
0.381   1.999   0.371   277.5   26.2    2.9 0.3 0.5
0.381   1.999   0.371   292.5   29.7    3.5 0.7 0.4
0.381   1.999   0.371   307.5   33.8    4.1 4.1 0.
0.381   1.999   0.371   322.5   39.6    5.7 5.5 0.
0.381   1.999   0.371   337.5   44.9    8.2 0.  6.9
0.381   1.999   0.371   352.5   59.5    11.6    0.  4.4

