id = 113
editor = DM

### Experiment E110

collaboration = HALLA
experiment = E110
process = ep2epgamma
exptype = fixed target
year = 2015
reference = arXiv:1504.05453
inspiretex = Defurne:2015kxq
reference2 = KinX3, Table XIII

### Scattering Process

frame = Trento

in1energy = 5.7572
in1particle = em
in1energyunit = GeV
in1polarizationvector = L
in1polarization = 1

in2particle = p

out1particle = em
out2particle = p
out3particle = gamma


### Observable
# XUU


y1name = XUU
y1namelong = Beam Helicity Independent Cross Section
y1unit = pb/GeV^4
y1value = column5
y1errorstatistic = column6
# unsymmetric systematic errors 
#sysm (sysp) gives the negative (positive) value 
y1errorsystematicminus = column7
y1errorsystematicplus = column8
y1errornormalization = 0.028



### x-axes

x1name = xB
x1unit = 1
x1value = column1

x2name = Q2
x2unit = GeV^2
x2value = column2

x3name = tm
x3unit = GeV^2
x3value = column3

x4name = phi 
x4unit = deg
x4value = column4

### Data
#
# CLAS 2015 XUU
#
#xB       Q2     -t     phi     XUU   stat systm systp
###########################################################
table =
0.336   2.161   0.171   7.5 120.7   4.7 0.4 0.9
0.336   2.161   0.171   22.5    132.5   4.9 0.  3.7
0.336   2.161   0.171   37.5    118.7   4.5 0.  2.8
0.336   2.161   0.171   52.5    99.8    4.1 1.9 1.3
0.336   2.161   0.171   67.5    88.4    3.8 5.5 0.
0.336   2.161   0.171   82.5    81.4    3.6 0.7 0.5
0.336   2.161   0.171   97.5    62.7    3.1 0.8 1.5
0.336   2.161   0.171   112.5   61.3    3.  1.5 0.6
0.336   2.161   0.171   127.5   58.1    3.  1.9 0.5
0.336   2.161   0.171   142.5   52.9    2.7 0.  2.8
0.336   2.161   0.171   157.5   43.9    2.6 0.8 0.2
0.336   2.161   0.171   172.5   45.4    2.5 1.2 0.
0.336   2.161   0.171   187.5   41.     2.4 0.1 0.9
0.336   2.161   0.171   202.5   44.2    2.5 0.9 0.9
0.336   2.161   0.171   217.5   51.6    2.7 0.8 0.8
0.336   2.161   0.171   232.5   57.7    2.9 0.8 0.6
0.336   2.161   0.171   247.5   56.9    2.9 2.3 0.1
0.336   2.161   0.171   262.5   69.3    3.2 3.7 0.
0.336   2.161   0.171   277.5   77.     3.5 0.4 0.7
0.336   2.161   0.171   292.5   95.5    3.9 0.  2.5
0.336   2.161   0.171   307.5   103.1   4.  0.  4.8
0.336   2.161   0.171   322.5   114.1   4.4 1.7 0.4
0.336   2.161   0.171   337.5   117.8   4.6 0.6 2.
0.336   2.161   0.171   352.5   120.3   4.8 0.7 0.2
0.342   2.190   0.231   7.5     100.1   7.6 2.5 2.1
0.342   2.190   0.231   22.5    106.9   6.8 0.5 4.5
0.342   2.190   0.231   37.5    93.9    6.1 1.6 0.2
0.342   2.190   0.231   52.5    76.9    5.  2.7 0.1
0.342   2.190   0.231   67.5    67.7    4.5 1.3 2.2
0.342   2.190   0.231   82.5    55.1    3.9 0.  3.6
0.342   2.190   0.231   97.5    53.8    3.7 0.7 1.2
0.342   2.190   0.231   112.5   40.3    3.1 0.7 0.7
0.342   2.190   0.231   127.5   37.3    2.8 3.7 0.
0.342   2.190   0.231   142.5   33.6    2.7 1.7 0.
0.342   2.190   0.231   157.5   34.4    2.8 0.6 0.7
0.342   2.190   0.231   172.5   31.9    2.6 0.6 0.2
0.342   2.190   0.231   187.5   32.6    2.7 0.3 0.5
0.342   2.190   0.231   202.5   37.1    2.8 1.6 0.
0.342   2.190   0.231   217.5   39.5    2.9 2.  0.1
0.342   2.190   0.231   232.5   41.5    3.  0.  1.1
0.342   2.190   0.231   247.5   43.     3.1 0.  1.4
0.342   2.190   0.231   262.5   50.9    3.5 0.8 0.
0.342   2.190   0.231   277.5   54.2    3.7 2.  0.5
0.342   2.190   0.231   292.5   67.8    4.2 1.4 0.
0.342   2.190   0.231   307.5   84.2    4.8 6.6 0.
0.342   2.190   0.231   322.5   90.7    5.5 6.5 0.
0.342   2.190   0.231   337.5   83.8    6.6 5.6 0.
0.342   2.190   0.231   352.5   87.9    7.4 10.9    0.
0.343   2.194   0.278   7.5     0   0   0   0
0.343   2.194   0.278   22.5    0   0   0   0
0.343   2.194   0.278   37.5    58.7    7.  4.3 1.1
0.343   2.194   0.278   52.5    59.3    5.8 1.1 1.5
0.343   2.194   0.278   67.5    54.4    5.1 0.9 0.9
0.343   2.194   0.278   82.5    47.8    4.2 2.6 0.
0.343   2.194   0.278   97.5    36.7    3.6 0.  1.8
0.343   2.194   0.278   112.5   36.5    3.3 1.4 0.
0.343   2.194   0.278   127.5   25.9    2.6 1.2 0.
0.343   2.194   0.278   142.5   27.3    2.7 0.5 1.
0.343   2.194   0.278   157.5   29.2    2.8 2.8 0.
0.343   2.194   0.278   172.5   29.9    2.8 0.2 0.3
0.343   2.194   0.278   187.5   27.7    2.8 2.1 0.1
0.343   2.194   0.278   202.5   23.7    2.6 0.5 0.1
0.343   2.194   0.278   217.5   31.2    2.8 0.7 1.1
0.343   2.194   0.278   232.5   33.4    2.9 1.9 0.
0.343   2.194   0.278   247.5   30.9    3.  0.4 1.5
0.343   2.194   0.278   262.5   36.4    3.4 1.2 0.7
0.343   2.194   0.278   277.5   48.5    3.9 1.8 0.4
0.343   2.194   0.278   292.5   51.6    4.3 0.2 3.3
0.343   2.194   0.278   307.5   60.3    5.4 3.9 0.2
0.343   2.194   0.278   322.5   62.2    6.4 8.6 0.
0.343   2.194   0.278   337.5   0   0   0   0
0.343   2.194   0.278   352.5   0   0   0   0
0.342   2.191   0.324   7.5     0   0   0   0
0.342   2.191   0.324   22.5    0   0   0   0
0.342   2.191   0.324   37.5    53.8    10.1    9.3 0.7
0.342   2.191   0.324   52.5    48.6    7.3 0.3 8.3
0.342   2.191   0.324   67.5    55.8    6.2 0.  6.5
0.342   2.191   0.324   82.5    34.2    4.4 1.8 0.7
0.342   2.191   0.324   97.5    30.9    3.8 1.1 0.
0.342   2.191   0.324   112.5   28.6    3.4 1.2 0.
0.342   2.191   0.324   127.5   27.6    3.1 0.6 0.8
0.342   2.191   0.324   142.5   26.7    3.  2.  0.
0.342   2.191   0.324   157.5   24.8    2.8 0.  1.
0.342   2.191   0.324   172.5   23.5    2.8 0.  1.7
0.342   2.191   0.324   187.5   21.6    2.8 0.  1.4
0.342   2.191   0.324   202.5   29.2    3.  3.1 0.
0.342   2.191   0.324   217.5   23.     2.7 2.1 0.
0.342   2.191   0.324   232.5   29.3    3.  0.9 0.
0.342   2.191   0.324   247.5   21.4    3.1 0.7 0.5
0.342   2.191   0.324   262.5   30.4    3.9 0.3 0.6
0.342   2.191   0.324   277.5   43.6    4.4 3.2 0.1
0.342   2.191   0.324   292.5   55.     5.6 1.2 0.9
0.342   2.191   0.324   307.5   39.5    6.2 2.9 0.5
0.342   2.191   0.324   322.5   70.1    9.9 7.6 0.
0.342   2.191   0.324   337.5   0   0   0   0
0.342   2.191   0.324   352.5   0   0   0   0
0.342   2.193   0.371   7.5     0   0   0   0
0.342   2.193   0.371   22.5    0   0   0   0
0.342   2.193   0.371   37.5    68.8    21.3    14.6    0.9
0.342   2.193   0.371   52.5    37.1    10.4    9.7 1.6
0.342   2.193   0.371   67.5    40.6    7.  0.  6.2
0.342   2.193   0.371   82.5    29.     5.  1.  2.1
0.342   2.193   0.371   97.5    27.     4.3 2.9 0.2
0.342   2.193   0.371   112.5   21.     3.5 3.1 0.
0.342   2.193   0.371   127.5   18.8    2.9 3.4 0.1
0.342   2.193   0.371   142.5   17.9    2.8 0.9 0.5
0.342   2.193   0.371   157.5   18.7    3.  0.  1.6
0.342   2.193   0.371   172.5   17.2    3.2 0.3 1.1
0.342   2.193   0.371   187.5   16.2    2.9 0.  2.2
0.342   2.193   0.371   202.5   21.3    3.  0.5 2.1
0.342   2.193   0.371   217.5   17.7    2.8 0.8 0.1
0.342   2.193   0.371   232.5   24.2    3.  1.3 0.
0.342   2.193   0.371   247.5   22.5    3.4 3.9 0.4
0.342   2.193   0.371   262.5   18.1    3.6 2.6 0.
0.342   2.193   0.371   277.5   32.8    4.5 2.5 0.
0.342   2.193   0.371   292.5   35.5    6.3 1.9 2.
0.342   2.193   0.371   307.5   43.1    8.7 0.3 4.1
0.342   2.193   0.371   322.5   49.6    15.5    10.8    3.6
0.342   2.193   0.371   337.5   0   0   0   0
0.342   2.193   0.371   352.5   0   0   0   0



