id = 100
editor = DM
# data restricted to DVCS kinematics Q2> 1.5 GeV^2 and -t/Q2 < 0.25
# only data are taken where 18 bins and more are filled

### Experiment E145M1

collaboration = CLAS
process = ep2epgamma
exptype = fixed target
year = 2015
reference = arXiv:1504.02009
inspiretex = Jo:2015ema
reference2 = CLAS data base E145M1, restricted kinematics

### Scattering Process

frame = Trento

in1energy = 5.75
in1particle = em
in1energyunit = GeV
in1polarizationvector = L
in1polarization = 1

in2particle = p

out1particle = em
out2particle = p
out3particle = gamma


### Observable
# XUU


y1name = XUU
y1namelong = Beam Helicity Independent Cross Section
y1unit = nb/GeV^4
y1value = column5
y1errorstatistic = column6
y1errorsystematic = column7



### x-axes

x1name = xB
x1unit = 1
x1value = column1

x2name = Q2
x2unit = GeV^2
x2value = column2

x3name = tm
x3unit = GeV^2
x3value = column3

x4name = phi 
x4unit = deg
x4value = column4

### Data
#
# CLAS 2015 XUU
#
#xB Q2 -t phi XUU stat syst
###########################################################
table =
0.185   1.62    0.11    9.53    0   0   0
0.185   1.62    0.11    24.88   0   0   0
0.185   1.62    0.11    39.26   0   0   0
0.185   1.62    0.11    53.14   3.7708  0.2027  0.5716
0.185   1.62    0.11    67.5    2.3755  0.1446  0.1938
0.185   1.62    0.11    82.13   1.8423  0.1054  0.1061
0.185   1.62    0.11    97.18   1.2852  0.0844  0.0889
0.185   1.62    0.11    112.23  1.2341  0.0953  0.0736
0.185   1.62    0.11    127.28  0.8795  0.0849  0.0655
0.185   1.62    0.11    142.34  0.7647  0.0671  0.1418
0.185   1.62    0.11    157.4   0.6723  0.0587  0.0705
0.185   1.62    0.11    172.47  0.6959  0.073   0.05
0.185   1.62    0.11    187.53  0.6105  0.0661  0.0458
0.185   1.62    0.11    202.6   0.6912  0.0593  0.0494
0.185   1.62    0.11    217.66  0.695   0.0663  0.1074
0.185   1.62    0.11    232.72  0.8301  0.0819  0.0778
0.185   1.62    0.11    247.77  0.8488  0.0722  0.0745
0.185   1.62    0.11    262.82  1.2863  0.0836  0.1292
0.185   1.62    0.11    277.87  1.7058  0.1097  0.1195
0.185   1.62    0.11    292.5   2.3967  0.1439  0.1736
0.185   1.62    0.11    306.86  3.4011  0.1689  0.2972
0.185   1.62    0.11    320.74  0   0   0
0.185   1.62    0.11    335.12  0   0   0
0.185   1.62    0.11    350.47  0   0   0
0.185   1.63    0.15    7.5 0   0   0
0.185   1.63    0.15    29.3    0   0   0
0.185   1.63    0.15    41.34   0   0   0
0.185   1.63    0.15    53.57   2.3669  0.1255  0.2174
0.185   1.63    0.15    67.33   1.5129  0.0864  0.1399
0.185   1.63    0.15    82.07   1.2012  0.0695  0.139
0.185   1.63    0.15    97.14   1.0314  0.0607  0.0678
0.185   1.63    0.15    112.21  0.7139  0.0568  0.105
0.185   1.63    0.15    127.27  0.5926  0.0567  0.0808
0.185   1.63    0.15    142.33  0.432   0.0402  0.0292
0.185   1.63    0.15    157.4   0.4437  0.0395  0.0652
0.185   1.63    0.15    172.47  0.4609  0.0466  0.0614
0.185   1.63    0.15    187.53  0.4094  0.0462  0.0348
0.185   1.63    0.15    202.6   0.4275  0.04    0.0392
0.185   1.63    0.15    217.67  0.5081  0.0459  0.0629
0.185   1.63    0.15    232.73  0.5089  0.0519  0.0353
0.185   1.63    0.15    247.79  0.8021  0.0621  0.0959
0.185   1.63    0.15    262.86  0.789   0.0528  0.0662
0.185   1.63    0.15    277.93  0.9986  0.0628  0.0685
0.185   1.63    0.15    292.67  1.7187  0.0922  0.1489
0.185   1.63    0.15    306.43  2.3761  0.1201  0.1661
0.185   1.63    0.15    318.66  0   0   0
0.185   1.63    0.15    330.7   0   0   0
0.185   1.63    0.15    352.5   0   0   0
0.185   1.63    0.2 7.5 0   0   0
0.185   1.63    0.2 22.5    0   0   0
0.185   1.63    0.2 42.9    0   0   0
0.185   1.63    0.2 54.03   1.8659  0.1077  0.1362
0.185   1.63    0.2 67.05   1.0312  0.0659  0.0704
0.185   1.63    0.2 82.04   0.7685  0.0537  0.0655
0.185   1.63    0.2 97.12   0.5843  0.0429  0.0891
0.185   1.63    0.2 112.19  0.4091  0.0381  0.036
0.185   1.63    0.2 127.26  0.3332  0.0397  0.0477
0.185   1.63    0.2 142.33  0.2874  0.0338  0.0283
0.185   1.63    0.2 157.4   0.2216  0.0258  0.0211
0.185   1.63    0.2 172.47  0.2159  0.0297  0.0265
0.185   1.63    0.2 187.53  0.2606  0.0348  0.03
0.185   1.63    0.2 202.6   0.2588  0.0306  0.0201
0.185   1.63    0.2 217.67  0.3185  0.0328  0.0316
0.185   1.63    0.2 232.74  0.3805  0.0426  0.0263
0.185   1.63    0.2 247.81  0.4863  0.0476  0.0324
0.185   1.63    0.2 262.88  0.5579  0.0425  0.0454
0.185   1.63    0.2 277.96  0.7526  0.0515  0.0563
0.185   1.63    0.2 292.95  1.1869  0.0735  0.1079
0.185   1.63    0.2 305.97  1.4957  0.0974  0.1252
0.185   1.63    0.2 317.1       0   0   0
0.185   1.63    0.2 337.5       0   0   0
0.185   1.63    0.2 352.5       0   0   0
0.185   1.63    0.26    7.5     0   0   0
0.185   1.63    0.26    22.5    0   0   0
0.185   1.63    0.26    43.19   0   0   0
0.185   1.63    0.26    53.76   1.2772  0.0697  0.0863
0.185   1.63    0.26    66.9    0.8127  0.0498  0.085
0.185   1.63    0.26    82.01   0.4741  0.0362  0.0598
0.185   1.63    0.26    97.1    0.3527  0.0272  0.0256
0.185   1.63    0.26    112.18  0.2737  0.0252  0.0228
0.185   1.63    0.26    127.25  0.2639  0.0287  0.0277
0.185   1.63    0.26    142.32  0.1949  0.0232  0.025
0.185   1.63    0.26    157.4   0.215   0.022   0.0215
0.185   1.63    0.26    172.47  0.183   0.0228  0.0197
0.185   1.63    0.26    187.53  0.1491  0.0221  0.0378
0.185   1.63    0.26    202.6   0.2133  0.0237  0.0284
0.185   1.63    0.26    217.68  0.1949  0.0208  0.0221
0.185   1.63    0.26    232.75  0.2512  0.0264  0.033
0.185   1.63    0.26    247.82  0.2468  0.0272  0.0182
0.185   1.63    0.26    262.9   0.348   0.028   0.0246
0.185   1.63    0.26    277.99  0.403   0.0298  0.0408
0.185   1.63    0.26    293.1   0.6733  0.0462  0.0878
0.185   1.63    0.26    306.24  1.1279  0.0703  0.0836
0.185   1.63    0.26    316.81  0   0   0
0.185   1.63    0.26    337.5   0   0   0
0.185   1.63    0.26    352.5   0   0   0
0.185   1.63    0.34    7.5 0   0   0
0.185   1.63    0.34    22.5    0   0   0
0.185   1.63    0.34    43.39   0   0   0
0.185   1.63    0.34    53.05   0.7683  0.0425  0.0653
0.185   1.63    0.34    66.88   0.3719  0.0281  0.0243
0.185   1.63    0.34    81.99   0.3068  0.0254  0.0207
0.185   1.63    0.34    97.09   0.2205  0.0196  0.0179
0.185   1.63    0.34    112.17  0.1387  0.0151  0.0097
0.185   1.63    0.34    127.25  0.1466  0.0183  0.0104
0.185   1.63    0.34    142.32  0.0884  0.013   0.009
0.185   1.63    0.34    157.39  0.1179  0.0141  0.0167
0.185   1.63    0.34    172.46  0.12    0.0155  0.0166
0.185   1.63    0.34    187.54  0.0933  0.015   0.0136
0.185   1.63    0.34    202.61  0.0957  0.0137  0.0101
0.185   1.63    0.34    217.68  0.1164  0.0135  0.0098
0.185   1.63    0.34    232.75  0.1393  0.0171  0.0138
0.185   1.63    0.34    247.83  0.1679  0.0199  0.0124
0.185   1.63    0.34    262.91  0.165   0.0168  0.0149
0.185   1.63    0.34    278.01  0.3074  0.0227  0.0271
0.185   1.63    0.34    293.12  0.4551  0.0329  0.0447
0.185   1.63    0.34    306.95  0.6423  0.0432  0.0613
0.185   1.63    0.34    316.61  0   0   0
0.185   1.63    0.34    337.5   0   0   0
0.185   1.63    0.34    352.5   0   0   0
0.214   1.64    0.11    7.48    2.0259  0.1136  0.1318
0.214   1.64    0.11    22.34   1.7908  0.0871  0.1416
0.214   1.64    0.11    37.19   1.4193  0.0742  0.1069
0.214   1.64    0.11    52.16   1.179   0.0768  0.0855
0.214   1.64    0.11    67.15   0.7101  0.0718  0.0572
0.214   1.64    0.11    82.16   0.5965  0.0566  0.0533
0.214   1.64    0.11    97.19   0.5707  0.0473  0.0409
0.214   1.64    0.11    112.23  0.4512  0.0427  0.0504
0.214   1.64    0.11    127.27  0.546   0.0621  0.0686
0.214   1.64    0.11    142.33  0.3385  0.0412  0.0272
0.214   1.64    0.11    157.39  0.3043  0.036   0.0376
0.214   1.64    0.11    172.46  0.2427  0.0391  0.0207
0.214   1.64    0.11    187.54  0.2949  0.0485  0.053
0.214   1.64    0.11    202.61  0.2527  0.0333  0.0228
0.214   1.64    0.11    217.67  0.3977  0.0434  0.0279
0.214   1.64    0.11    232.73  0.4259  0.0533  0.0785
0.214   1.64    0.11    247.77  0.4539  0.043   0.0664
0.214   1.64    0.11    262.81  0.5948  0.0481  0.0443
0.214   1.64    0.11    277.84  0.6068  0.0559  0.0551
0.214   1.64    0.11    292.85  0.8352  0.0766  0.059
0.214   1.64    0.11    307.84  1.3076  0.0831  0.159
0.214   1.64    0.11    322.81  1.6096  0.0818  0.099
0.214   1.64    0.11    337.66  2.0262  0.0943  0.139
0.214   1.64    0.11    352.52  1.961   0.111   0.1305
0.214   1.64    0.15    7.71    1.9968  0.1019  0.1324
0.214   1.64    0.15    22.63   1.6764  0.0718  0.1573
0.214   1.64    0.15    37.13   1.2105  0.0545  0.0807
0.214   1.64    0.15    52.04   0.946   0.0511  0.0673
0.214   1.64    0.15    67.07   0.6329  0.0524  0.0429
0.214   1.64    0.15    82.1    0.5589  0.0483  0.0622
0.214   1.64    0.15    97.15   0.4107  0.0348  0.04
0.214   1.64    0.15    112.2   0.3 0.0299  0.0206
0.214   1.64    0.15    127.26  0.2569  0.0311  0.0339
0.214   1.64    0.15    142.32  0.2389  0.0292  0.0182
0.214   1.64    0.15    157.39  0.2599  0.027   0.0442
0.214   1.64    0.15    172.46  0.1589  0.0229  0.0133
0.214   1.64    0.15    187.54  0.1601  0.0273  0.0373
0.214   1.64    0.15    202.61  0.1951  0.0232  0.0174
0.214   1.64    0.15    217.68  0.1924  0.0226  0.0344
0.214   1.64    0.15    232.74  0.2721  0.0333  0.0563
0.214   1.64    0.15    247.8   0.2935  0.0327  0.0234
0.214   1.64    0.15    262.85  0.3542  0.0315  0.0437
0.214   1.64    0.15    277.9   0.4838  0.0401  0.0304
0.214   1.64    0.15    292.93  0.7229  0.0573  0.0616
0.214   1.64    0.15    307.96  0.9416  0.0593  0.0791
0.214   1.64    0.15    322.87  1.2317  0.0571  0.0878
0.214   1.64    0.15    337.37  1.7289  0.0703  0.1251
0.214   1.64    0.15    352.29  2.1553  0.1017  0.1625
0.214   1.64    0.2 8.26    2.0263  0.1644  0.1559
0.214   1.64    0.2 23.48   1.7346  0.0912  0.1679
0.214   1.64    0.2 37.27   1.0673  0.0512  0.0756
0.214   1.64    0.2 51.94   0.7463  0.0432  0.0507
0.214   1.64    0.2 66.99   0.4562  0.0409  0.0497
0.214   1.64    0.2 82.05   0.356   0.0361  0.045
0.214   1.64    0.2 97.12   0.251   0.0262  0.0276
0.214   1.64    0.2 112.18  0.2218  0.0241  0.0188
0.214   1.64    0.2 127.25  0.1546  0.0239  0.0154
0.214   1.64    0.2 142.32  0.1522  0.0245  0.0345
0.214   1.64    0.2 157.39  0.1248  0.0182  0.0195
0.214   1.64    0.2 172.46  0.1746  0.0252  0.0232
0.214   1.64    0.2 187.54  0.1159  0.0233  0.0167
0.214   1.64    0.2 202.61  0.1466  0.0209  0.0343
0.214   1.64    0.2 217.68  0.1171  0.018   0.0083
0.214   1.64    0.2 232.75  0.2102  0.0301  0.0219
0.214   1.64    0.2 247.82  0.19    0.026   0.0169
0.214   1.64    0.2 262.88  0.2235  0.0246  0.0246
0.214   1.64    0.2 277.95  0.3535  0.0313  0.0305
0.214   1.64    0.2 293.01  0.5191  0.0439  0.0748
0.214   1.64    0.2 308.06  0.7353  0.0515  0.0875
0.214   1.64    0.2 322.73  1.1043  0.0543  0.0824
0.214   1.64    0.2 336.52  1.7522  0.0843  0.166
0.214   1.64    0.2 351.74  2.8289  0.1702  0.2304
0.214   1.64    0.26    10.82   0   0   0
0.214   1.64    0.26    25.19   1.8274  0.1274  0.1754
0.214   1.64    0.26    37.58   0.8814  0.0422  0.0542
0.214   1.64    0.26    51.84   0.533   0.0303  0.0373
0.214   1.64    0.26    66.93   0.3295  0.0275  0.0424
0.214   1.64    0.26    82.01   0.2213  0.0234  0.0189
0.214   1.64    0.26    97.09   0.1959  0.0188  0.0254
0.214   1.64    0.26    112.16  0.1617  0.017   0.0216
0.214   1.64    0.26    127.24  0.1043  0.0164  0.0164
0.214   1.64    0.26    142.31  0.0851  0.0165  0.0106
0.214   1.64    0.26    157.39  0.0813  0.0149  0.0071
0.214   1.64    0.26    172.46  0.0882  0.0176  0.0097
0.214   1.64    0.26    187.54  0.1008  0.0227  0.0225
0.214   1.64    0.26    202.61  0.0678  0.0139  0.0133
0.214   1.64    0.26    217.69  0.1168  0.017   0.0125
0.214   1.64    0.26    232.76  0.0879  0.0153  0.0136
0.214   1.64    0.26    247.84  0.1397  0.0189  0.0166
0.214   1.64    0.26    262.91  0.1744  0.0174  0.0161
0.214   1.64    0.26    277.99  0.2087  0.0187  0.0171
0.214   1.64    0.26    293.07  0.3302  0.0289  0.0422
0.214   1.64    0.26    308.16  0.4817  0.0352  0.042
0.214   1.64    0.26    322.42  0.7951  0.0408  0.0613
0.214   1.64    0.26    334.81  1.4601  0.0938  0.2132
0.214   1.64    0.26    349.18  0   0   0
0.214   1.64    0.34    7.5 0   0   0
0.214   1.64    0.34    27.62   0   0   0
0.214   1.64    0.34    37.97   0.6097  0.0331  0.0369
0.214   1.64    0.34    51.74   0.3476  0.0212  0.0233
0.214   1.64    0.34    66.87   0.2082  0.019   0.0178
0.214   1.64    0.34    81.97   0.1666  0.0182  0.0188
0.214   1.64    0.34    97.06   0.1208  0.0132  0.0128
0.214   1.64    0.34    112.15  0.093   0.0112  0.0073
0.214   1.64    0.34    127.23  0.0673  0.0131  0.0076
0.214   1.64    0.34    142.31  0.0576  0.015   0.0145
0.214   1.64    0.34    157.38  0.0816  0.02    0.0282
0.214   1.64    0.34    172.46  0.0767  0.0237  0.0467
0.214   1.64    0.34    187.54  0   0   0
0.214   1.64    0.34    202.62  0.0632  0.0188  0.0088
0.214   1.64    0.34    217.69  0.0894  0.0171  0.0205
0.214   1.64    0.34    232.77  0.0623  0.0128  0.0147
0.214   1.64    0.34    247.85  0.078   0.0131  0.0081
0.214   1.64    0.34    262.94  0.1055  0.0118  0.0123
0.214   1.64    0.34    278.03  0.1572  0.0142  0.0112
0.214   1.64    0.34    293.13  0.2614  0.0224  0.0325
0.214   1.64    0.34    308.26  0.361   0.0277  0.0304
0.214   1.64    0.34    322.03  0.5869  0.0335  0.0389
0.214   1.64    0.34    332.38  0   0   0
0.214   1.64    0.34    352.5   0   0   0
0.215   1.88    0.11    7.84    0   0   0
0.215   1.88    0.11    23.16   3.3378  0.1951  0.426
0.215   1.88    0.11    37.96   2.7154  0.1407  0.3109
0.215   1.88    0.11    52.73   1.5653  0.1013  0.1367
0.215   1.88    0.11    67.28   1.1438  0.0874  0.082
0.215   1.88    0.11    82.17   0.8924  0.0651  0.0853
0.215   1.88    0.11    97.2    0.8012  0.0559  0.0978
0.215   1.88    0.11    112.25  0.7615  0.0628  0.1415
0.215   1.88    0.11    127.3   0.4652  0.0558  0.0675
0.215   1.88    0.11    142.35  0.4891  0.0515  0.0547
0.215   1.88    0.11    157.41  0.3936  0.0438  0.0438
0.215   1.88    0.11    172.47  0.3645  0.05    0.0607
0.215   1.88    0.11    187.53  0   0   0
0.215   1.88    0.11    202.59  0.4806  0.0434  0.0321
0.215   1.88    0.11    217.65  0.506   0.0485  0.0409
0.215   1.88    0.11    232.7   0.5188  0.0543  0.0318
0.215   1.88    0.11    247.75  0.5895  0.0506  0.0359
0.215   1.88    0.11    262.8   0.821   0.0576  0.0569
0.215   1.88    0.11    277.83  0.9854  0.0734  0.1081
0.215   1.88    0.11    292.72  1.2637  0.0902  0.0976
0.215   1.88    0.11    307.27  1.7853  0.1035  0.1436
0.215   1.88    0.11    322.04  2.6943  0.1347  0.2736
0.215   1.88    0.11    336.84  3.6628  0.2011  0.3738
0.215   1.88    0.11    352.16  0   0   0
0.215   1.88    0.15    8.28    0   0   0
0.215   1.88    0.15    24.86   0   0   0
0.215   1.88    0.15    38.98   2.3386  0.1271  0.3522
0.215   1.88    0.15    52.95   1.4945  0.081   0.1452
0.215   1.88    0.15    67.13   0.994   0.0652  0.0752
0.215   1.88    0.15    82.11   0.696   0.0496  0.0584
0.215   1.88    0.15    97.16   0.4648  0.0358  0.0303
0.215   1.88    0.15    112.22  0.438   0.0387  0.039
0.215   1.88    0.15    127.28  0.3178  0.0369  0.0455
0.215   1.88    0.15    142.34  0.2737  0.0311  0.0396
0.215   1.88    0.15    157.4   0.2863  0.0297  0.0223
0.215   1.88    0.15    172.47  0.2677  0.0333  0.0187
0.215   1.88    0.15    187.53  0.2752  0.0323  0.0222
0.215   1.88    0.15    202.6   0.246   0.0258  0.0272
0.215   1.88    0.15    217.66  0.3135  0.0304  0.0335
0.215   1.88    0.15    232.72  0.4341  0.0419  0.0592
0.215   1.88    0.15    247.78  0.4061  0.0386  0.0325
0.215   1.88    0.15    262.84  0.494   0.0379  0.035
0.215   1.88    0.15    277.89  0.6686  0.0485  0.044
0.215   1.88    0.15    292.87  0.998   0.0661  0.0734
0.215   1.88    0.15    307.05  1.6037  0.0873  0.1657
0.215   1.88    0.15    321.02  1.948   0.1074  0.2148
0.215   1.88    0.15    335.14  0   0   0
0.215   1.88    0.15    351.72  0   0   0
0.215   1.88    0.2 7.5 0   0   0
0.215   1.88    0.2 28.48   0   0   0
0.215   1.88    0.2 40.38   0   0   0
0.215   1.88    0.2 53.14   1.1752  0.0648  0.0992
0.215   1.88    0.2 66.99   0.6188  0.0463  0.0717
0.215   1.88    0.2 82.06   0.4684  0.0401  0.0516
0.215   1.88    0.2 97.14   0.3384  0.03    0.0376
0.215   1.88    0.2 112.2   0.2777  0.0284  0.0201
0.215   1.88    0.2 127.27  0.2371  0.0301  0.0305
0.215   1.88    0.2 142.33  0.1954  0.0248  0.0165
0.215   1.88    0.2 157.4   0.1745  0.0208  0.0199
0.215   1.88    0.2 172.47  0.1999  0.0262  0.0273
0.215   1.88    0.2 187.53  0.1874  0.0266  0.0303
0.215   1.88    0.2 202.6   0.1398  0.0201  0.0129
0.215   1.88    0.2 217.67  0.1782  0.0225  0.0204
0.215   1.88    0.2 232.73  0.2625  0.0322  0.0352
0.215   1.88    0.2 247.8   0.2659  0.031   0.0292
0.215   1.88    0.2 262.86  0.388   0.0332  0.0445
0.215   1.88    0.2 277.94  0.5381  0.0399  0.0409
0.215   1.88    0.2 293.01  0.6778  0.05    0.0665
0.215   1.88    0.2 306.86  0.9436  0.0615  0.0748
0.215   1.88    0.2 319.62  0   0   0
0.215   1.88    0.2 331.52  0   0   0
0.215   1.88    0.2 352.5   0   0   0
0.215   1.88    0.26    7.5 0   0   0
0.215   1.88    0.26    22.5    0   0   0
0.215   1.88    0.26    41.86   0   0   0
0.215   1.88    0.26    53.05   0.7443  0.0404  0.0479
0.215   1.88    0.26    66.93   0.4401  0.0316  0.0445
0.215   1.88    0.26    82.03   0.3138  0.0264  0.02
0.215   1.88    0.26    97.12   0.2632  0.0214  0.0195
0.215   1.88    0.26    112.19  0.1565  0.017   0.0107
0.215   1.88    0.26    127.26  0.1554  0.0194  0.0229
0.215   1.88    0.26    142.33  0.1348  0.0176  0.0261
0.215   1.88    0.26    157.4   0.0947  0.0125  0.0141
0.215   1.88    0.26    172.47  0.1333  0.0179  0.0365
0.215   1.88    0.26    187.53  0.1023  0.0174  0.0289
0.215   1.88    0.26    202.6   0.1361  0.0164  0.0129
0.215   1.88    0.26    217.67  0.134   0.0162  0.0332
0.215   1.88    0.26    232.74  0.1496  0.0201  0.0336
0.215   1.88    0.26    247.81  0.1865  0.0225  0.0173
0.215   1.88    0.26    262.88  0.2104  0.0193  0.0202
0.215   1.88    0.26    277.97  0.3472  0.0251  0.0397
0.215   1.88    0.26    293.07  0.4599  0.0332  0.0449
0.215   1.88    0.26    306.95  0.7515  0.0454  0.0451
0.215   1.88    0.26    318.14  0   0   0
0.215   1.88    0.26    337.5   0   0   0
0.215   1.88    0.26    352.5   0   0   0
0.215   1.88    0.34    7.5 0   0   0
0.215   1.88    0.34    22.5    0   0   0
0.215   1.88    0.34    42.37   0   0   0
0.215   1.88    0.34    52.72   0.4224  0.0246  0.0264
0.215   1.88    0.34    66.9    0.2735  0.0217  0.0357
0.215   1.88    0.34    82.01   0.19    0.0184  0.0234
0.215   1.88    0.34    97.1    0.1485  0.014   0.0171
0.215   1.88    0.34    112.18  0.1113  0.0125  0.0135
0.215   1.88    0.34    127.25  0.0847  0.0122  0.0127
0.215   1.88    0.34    142.32  0.0642  0.0102  0.0089
0.215   1.88    0.34    157.4   0.0811  0.0102  0.013
0.215   1.88    0.34    172.46  0.0739  0.0113  0.0131
0.215   1.88    0.34    187.54  0.054   0.0104  0.0052
0.215   1.88    0.34    202.6   0.0572  0.0096  0.0123
0.215   1.88    0.34    217.68  0.0659  0.0097  0.0075
0.215   1.88    0.34    232.75  0.0634  0.0105  0.009
0.215   1.88    0.34    247.82  0.0911  0.0133  0.0073
0.215   1.88    0.34    262.9   0.1362  0.0135  0.0154
0.215   1.88    0.34    277.99  0.192   0.0161  0.0124
0.215   1.88    0.34    293.1   0.303   0.0234  0.0442
0.215   1.88    0.34    307.28  0.4515  0.0296  0.0384
0.215   1.88    0.34    317.63  0   0   0
0.215   1.88    0.34    337.5   0   0   0
0.215   1.88    0.34    352.5   0   0   0
0.215   1.88    0.45    7.5 0   0   0
0.215   1.88    0.45    22.5    0   0   0
0.215   1.88    0.45    42.22   0   0   0
0.215   1.88    0.45    51.98   0.2599  0.0149  0.0266
0.215   1.88    0.45    66.87   0.1669  0.0136  0.0139
0.215   1.88    0.45    81.99   0.1014  0.0111  0.0223
0.215   1.88    0.45    97.08   0.0874  0.0091  0.0065
0.215   1.88    0.45    112.17  0.0575  0.007   0.0099
0.215   1.88    0.45    127.24  0.0325  0.0062  0.0034
0.215   1.88    0.45    142.32  0.0395  0.0071  0.0042
0.215   1.88    0.45    157.4   0.047   0.007   0.0087
0.215   1.88    0.45    172.46  0.0384  0.0068  0.0094
0.215   1.88    0.45    187.54  0.0354  0.0073  0.0037
0.215   1.88    0.45    202.6   0.054   0.0091  0.0147
0.215   1.88    0.45    217.68  0.0415  0.0066  0.0102
0.215   1.88    0.45    232.76  0.0455  0.0073  0.0078
0.215   1.88    0.45    247.83  0.0633  0.0091  0.0199
0.215   1.88    0.45    262.92  0.0747  0.0085  0.0078
0.215   1.88    0.45    278.01  0.1021  0.0096  0.0077
0.215   1.88    0.45    293.13  0.1669  0.0142  0.0145
0.215   1.88    0.45    308.02  0.2629  0.0182  0.023
0.215   1.88    0.45    317.78  0.3525  0.0374  0.0436
0.215   1.88    0.45    337.5   0   0   0
0.215   1.88    0.45    352.5   0   0   0
0.244   1.79    0.11    7.44    0.9228  0.0721  0.071
0.244   1.79    0.11    22.34   0.7688  0.0553  0.0542
0.244   1.79    0.11    37.27   0.6802  0.0463  0.0469
0.244   1.79    0.11    52.23   0.5245  0.0421  0.0399
0.244   1.79    0.11    67.21   0.4598  0.0479  0.0419
0.244   1.79    0.11    82.21   0.4173  0.0486  0.0553
0.244   1.79    0.11    97.22   0.404   0.0407  0.0453
0.244   1.79    0.11    112.25  0.2445  0.0337  0.0288
0.244   1.79    0.11    127.28  0.2346  0.0498  0.0406
0.244   1.79    0.11    142.33  0.1501  0.0682  0.0422
0.244   1.79    0.11    157.39  0.1332  0.0671  0.084
0.244   1.79    0.11    172.46  0   0   0
0.244   1.79    0.11    187.54  0   0   0
0.244   1.79    0.11    202.61  0   0   0
0.244   1.79    0.11    217.67  0   0   0
0.244   1.79    0.11    232.72  0   0   0
0.244   1.79    0.11    247.75  0.2823  0.0379  0.1002
0.244   1.79    0.11    262.78  0.2947  0.0325  0.0542
0.244   1.79    0.11    277.79  0.4555  0.0471  0.0348
0.244   1.79    0.11    292.79  0.3275  0.0422  0.0448
0.244   1.79    0.11    307.77  0.5403  0.0466  0.1026
0.244   1.79    0.11    322.73  0.7645  0.0516  0.0656
0.244   1.79    0.11    337.66  0.7752  0.0523  0.0944
0.244   1.79    0.11    352.56  0.9391  0.0701  0.071
0.244   1.79    0.15    7.42    1.0445  0.0618  0.0647
0.244   1.79    0.15    22.25   0.8147  0.0464  0.0655
0.244   1.79    0.15    37.15   0.7672  0.042   0.0544
0.244   1.79    0.15    52.12   0.528   0.0357  0.0454
0.244   1.79    0.15    67.12   0.3724  0.0373  0.0379
0.244   1.79    0.15    82.14   0.2828  0.0323  0.0468
0.244   1.79    0.15    97.17   0.2293  0.0234  0.0361
0.244   1.79    0.15    112.21  0.1818  0.02    0.0194
0.244   1.79    0.15    127.27  0.2182  0.0315  0.0481
0.244   1.79    0.15    142.32  0.1612  0.0329  0.025
0.244   1.79    0.15    157.39  0.1086  0.0294  0.0118
0.244   1.79    0.15    172.46  0.1541  0.0491  0.0309
0.244   1.79    0.15    187.54  0.1199  0.0546  0.0431
0.244   1.79    0.15    202.61  0.1411  0.0383  0.0377
0.244   1.79    0.15    217.68  0.1512  0.0286  0.0103
0.244   1.79    0.15    232.73  0.1274  0.0243  0.0193
0.244   1.79    0.15    247.79  0.1943  0.023   0.0456
0.244   1.79    0.15    262.83  0.2291  0.0227  0.0224
0.244   1.79    0.15    277.86  0.3598  0.0326  0.0454
0.244   1.79    0.15    292.88  0.3639  0.0381  0.03
0.244   1.79    0.15    307.88  0.5853  0.0441  0.0368
0.244   1.79    0.15    322.85  0.725   0.0424  0.0475
0.244   1.79    0.15    337.75  0.8891  0.0455  0.0607
0.244   1.79    0.15    352.58  1.0467  0.0573  0.0905
0.244   1.79    0.2 7.52    0.9157  0.055   0.0754
0.244   1.79    0.2 22.29   0.8046  0.045   0.0756
0.244   1.79    0.2 37.03   0.6066  0.0342  0.0489
0.244   1.79    0.2 52.02   0.4434  0.03    0.042
0.244   1.79    0.2 67.04   0.3548  0.0335  0.0368
0.244   1.79    0.2 82.09   0.2085  0.0265  0.0183
0.244   1.79    0.2 97.14   0.1219  0.0168  0.0171
0.244   1.79    0.2 112.19  0.1078  0.0148  0.0134
0.244   1.79    0.2 127.25  0.0996  0.017   0.0138
0.244   1.79    0.2 142.32  0.1133  0.0236  0.0199
0.244   1.79    0.2 157.39  0.0752  0.0163  0.0075
0.244   1.79    0.2 172.46  0.0729  0.0205  0.0101
0.244   1.79    0.2 187.54  0   0   0
0.244   1.79    0.2 202.61  0.0993  0.0214  0.0235
0.244   1.79    0.2 217.68  0.133   0.0214  0.0101
0.244   1.79    0.2 232.75  0.0839  0.0172  0.0142
0.244   1.79    0.2 247.81  0.1148  0.0177  0.0313
0.244   1.79    0.2 262.86  0.129   0.0168  0.0167
0.244   1.79    0.2 277.91  0.2297  0.0239  0.0179
0.244   1.79    0.2 292.96  0.2418  0.0283  0.0362
0.244   1.79    0.2 307.98  0.5125  0.0408  0.0632
0.244   1.79    0.2 322.97  0.5915  0.0358  0.0525
0.244   1.79    0.2 337.71  0.7738  0.0401  0.0527
0.244   1.79    0.2 352.48  0.9827  0.0526  0.064
0.244   1.79    0.26    7.94    0.9687  0.0622  0.0804
0.244   1.79    0.26    22.8    0.7506  0.0394  0.0695
0.244   1.79    0.26    36.9    0.4449  0.0243  0.0358
0.244   1.79    0.26    51.92   0.3577  0.0221  0.0209
0.244   1.79    0.26    66.98   0.2284  0.0204  0.014
0.244   1.79    0.26    82.04   0.1546  0.0186  0.0136
0.244   1.79    0.26    97.11   0.1155  0.0139  0.016
0.244   1.79    0.26    112.17  0.097   0.0127  0.0098
0.244   1.79    0.26    127.24  0.0862  0.0153  0.0233
0.244   1.79    0.26    142.31  0.0511  0.0145  0.0072
0.244   1.79    0.26    157.38  0.0441  0.0149  0.0126
0.244   1.79    0.26    172.46  0.095   0.0263  0.0204
0.244   1.79    0.26    187.54  0.0736  0.0285  0.011
0.244   1.79    0.26    202.62  0.0792  0.021   0.0065
0.244   1.79    0.26    217.69  0.0564  0.0132  0.0186
0.244   1.79    0.26    232.76  0.0652  0.0142  0.0183
0.244   1.79    0.26    247.83  0.1025  0.0159  0.0113
0.244   1.79    0.26    262.89  0.1127  0.0133  0.0156
0.244   1.79    0.26    277.96  0.1456  0.0147  0.0148
0.244   1.79    0.26    293.02  0.2293  0.0217  0.0386
0.244   1.79    0.26    308.08  0.3108  0.0261  0.0225
0.244   1.79    0.26    323.1   0.4629  0.0267  0.0296
0.244   1.79    0.26    337.2   0.7417  0.0351  0.0438
0.244   1.79    0.26    352.06  1.1343  0.0594  0.0815
0.244   1.8 0.34    9.48    0   0   0
0.244   1.8 0.34    24.21   0.6359  0.0433  0.0569
0.244   1.8 0.34    36.86   0.3775  0.02    0.0233
0.244   1.8 0.34    51.81   0.2216  0.0151  0.014
0.244   1.8 0.34    66.91   0.1277  0.0129  0.0105
0.244   1.8 0.34    82  0.0778  0.0113  0.0063
0.244   1.8 0.34    97.08   0.0699  0.0097  0.0051
0.244   1.8 0.34    112.15  0.0516  0.009   0.0056
0.244   1.8 0.34    127.23  0.0551  0.0134  0.0147
0.244   1.8 0.34    142.31  0   0   0
0.244   1.8 0.34    157.38  0.0316  0.019   0.0054
0.244   1.8 0.34    172.46  0   0   0
0.244   1.8 0.34    187.54  0   0   0
0.244   1.8 0.34    202.62  0.0564  0.0292  0.0178
0.244   1.8 0.34    217.69  0.1114  0.0331  0.0495
0.244   1.8 0.34    232.77  0.0517  0.0145  0.0152
0.244   1.8 0.34    247.85  0.0663  0.0131  0.0158
0.244   1.8 0.34    262.92  0.0895  0.0103  0.0094
0.244   1.8 0.34    278 0.0878  0.0094  0.0109
0.244   1.8 0.34    293.09  0.1615  0.0158  0.0195
0.244   1.8 0.34    308.19  0.2246  0.0189  0.0247
0.244   1.8 0.34    323.14  0.3849  0.0218  0.0334
0.244   1.8 0.34    335.79  0.6702  0.0367  0.0394
0.244   1.8 0.34    350.52  0   0   0
0.244   2.12    0.11    7.54    1.5346  0.0956  0.0983
0.244   2.12    0.11    22.6    1.4207  0.0742  0.1101
0.244   2.12    0.11    37.61   1.0404  0.056   0.1078
0.244   2.12    0.11    52.44   0.8799  0.0565  0.0655
0.244   2.12    0.11    67.2    0.6952  0.0555  0.0397
0.244   2.12    0.11    82.22   0.5983  0.0487  0.0573
0.244   2.12    0.11    97.24   0.507   0.0411  0.0603
0.244   2.12    0.11    112.27  0.3218  0.037   0.0204
0.244   2.12    0.11    127.31  0.2593  0.0463  0.038
0.244   2.12    0.11    142.36  0.2583  0.0513  0.0376
0.244   2.12    0.11    157.41  0.205   0.0453  0.0143
0.244   2.12    0.11    172.47  0.156   0.0525  0.0218
0.244   2.12    0.11    187.53  0.159   0.0537  0.0208
0.244   2.12    0.11    202.59  0.1964  0.0444  0.0221
0.244   2.12    0.11    217.64  0.3118  0.0545  0.0794
0.244   2.12    0.11    232.69  0.3251  0.0542  0.0702
0.244   2.12    0.11    247.73  0.3892  0.0409  0.0656
0.244   2.12    0.11    262.76  0.3741  0.0348  0.0274
0.244   2.12    0.11    277.78  0.6233  0.0508  0.0829
0.244   2.12    0.11    292.8   0.7363  0.0564  0.1003
0.244   2.12    0.11    307.56  0.8337  0.0531  0.0651
0.244   2.12    0.11    322.39  1.2046  0.0613  0.0864
0.244   2.12    0.11    337.4   1.3884  0.0742  0.1199
0.244   2.12    0.11    352.46  1.695   0.0997  0.1321
0.245   2.12    0.15    7.67    1.84    0.12    0.19
0.245   2.12    0.15    22.96   1.5919  0.0845  0.1042
0.245   2.12    0.15    37.7    1.0971  0.0565  0.081
0.245   2.12    0.15    52.54   0.7936  0.0467  0.0768
0.245   2.12    0.15    67.11   0.6149  0.0423  0.0586
0.245   2.12    0.15    82.14   0.4462  0.0337  0.0389
0.245   2.12    0.15    97.19   0.3359  0.025   0.0352
0.245   2.12    0.15    112.24  0.3084  0.0258  0.0395
0.245   2.12    0.15    127.29  0.2034  0.0259  0.022
0.245   2.12    0.15    142.35  0.1898  0.0269  0.0159
0.245   2.12    0.15    157.41  0.1622  0.0236  0.033
0.245   2.12    0.15    172.47  0.1458  0.0281  0.0108
0.245   2.12    0.15    187.53  0.1656  0.0305  0.0132
0.245   2.12    0.15    202.59  0.1535  0.0215  0.0132
0.245   2.12    0.15    217.65  0.163   0.0209  0.0233
0.245   2.12    0.15    232.71  0.2283  0.0261  0.0242
0.245   2.12    0.15    247.76  0.2927  0.0262  0.0353
0.245   2.12    0.15    262.81  0.2986  0.0239  0.0246
0.245   2.12    0.15    277.86  0.4838  0.0343  0.0293
0.245   2.12    0.15    292.89  0.568   0.0416  0.0452
0.245   2.12    0.15    307.46  0.8974  0.0511  0.0685
0.245   2.12    0.15    322.3   1.2003  0.059   0.0916
0.245   2.12    0.15    337.04  1.6672  0.081   0.1654
0.245   2.12    0.15    352.33  1.7781  0.1107  0.13
0.245   2.12    0.2 8.89    0   0   0
0.245   2.12    0.2 23.98   0   0   0
0.245   2.12    0.2 38.17   1.0285  0.0542  0.071
0.245   2.12    0.2 52.69   0.6593  0.0393  0.0461
0.245   2.12    0.2 67.03   0.4148  0.0331  0.0288
0.245   2.12    0.2 82.09   0.3466  0.0292  0.0304
0.245   2.12    0.2 97.15   0.2423  0.0216  0.0213
0.245   2.12    0.2 112.22  0.1719  0.0179  0.0152
0.245   2.12    0.2 127.28  0.1102  0.0173  0.0081
0.245   2.12    0.2 142.34  0.1249  0.0183  0.0247
0.245   2.12    0.2 157.4   0.1269  0.0171  0.0248
0.245   2.12    0.2 172.47  0.0759  0.0143  0.0078
0.245   2.12    0.2 187.53  0.0884  0.0157  0.0157
0.245   2.12    0.2 202.6   0.1162  0.0143  0.0113
0.245   2.12    0.2 217.66  0.1069  0.0142  0.0165
0.245   2.12    0.2 232.72  0.1499  0.0196  0.0178
0.245   2.12    0.2 247.78  0.1564  0.0189  0.0092
0.245   2.12    0.2 262.85  0.2092  0.0204  0.014
0.245   2.12    0.2 277.91  0.3031  0.0261  0.0411
0.245   2.12    0.2 292.97  0.3802  0.032   0.0462
0.245   2.12    0.2 307.31  0.6291  0.0425  0.0507
0.245   2.12    0.2 321.83  1.0307  0.0554  0.0914
0.245   2.12    0.2 336.02  0   0   0
0.245   2.12    0.2 351.11  0   0   0
0.245   2.12    0.26    14.3    0   0   0
0.245   2.12    0.26    26.39   0   0   0
0.245   2.12    0.26    38.87   0.8554  0.0459  0.0683
0.245   2.12    0.26    52.71   0.4852  0.0265  0.0741
0.245   2.12    0.26    66.97   0.3119  0.0236  0.0433
0.245   2.12    0.26    82.06   0.2109  0.0194  0.023
0.245   2.12    0.26    97.13   0.1577  0.0143  0.0114
0.245   2.12    0.26    112.2   0.1196  0.0125  0.0092
0.245   2.12    0.26    127.27  0.0985  0.0133  0.0096
0.245   2.12    0.26    142.33  0.0841  0.0128  0.0119
0.245   2.12    0.26    157.4   0.0808  0.0107  0.0128
0.245   2.12    0.26    172.47  0.0692  0.011   0.0077
0.245   2.12    0.26    187.53  0.0595  0.0107  0.0124
0.245   2.12    0.26    202.6   0.0713  0.0095  0.0111
0.245   2.12    0.26    217.67  0.0814  0.0103  0.0094
0.245   2.12    0.26    232.73  0.0917  0.0127  0.0055
0.245   2.12    0.26    247.8   0.103   0.0135  0.0072
0.245   2.12    0.26    262.87  0.1362  0.0136  0.0092
0.245   2.12    0.26    277.94  0.1797  0.0156  0.0132
0.245   2.12    0.26    293.03  0.3344  0.0244  0.0209
0.245   2.12    0.26    307.29  0.4754  0.03    0.0445
0.245   2.12    0.26    321.13  0.7407  0.0429  0.0493
0.245   2.12    0.26    333.61  0   0   0
0.245   2.12    0.26    345.7   0   0   0
0.245   2.12    0.34    7.5 0   0   0
0.245   2.12    0.34    28.65   0   0   0
0.245   2.12    0.34    39.99   0.5777  0.0368  0.0563
0.245   2.12    0.34    52.42   0.296   0.0167  0.0173
0.245   2.12    0.34    66.92   0.2033  0.0153  0.0165
0.245   2.12    0.34    82.02   0.1516  0.0145  0.0126
0.245   2.12    0.34    97.11   0.0967  0.0096  0.0107
0.245   2.12    0.34    112.19  0.0792  0.0089  0.0087
0.245   2.12    0.34    127.26  0.0711  0.0099  0.0151
0.245   2.12    0.34    142.33  0.041   0.0077  0.0133
0.245   2.12    0.34    157.4   0.0343  0.0061  0.0084
0.245   2.12    0.34    172.46  0.0365  0.0069  0.0039
0.245   2.12    0.34    187.54  0.0264  0.0063  0.0042
0.245   2.12    0.34    202.6   0.048   0.0071  0.0088
0.245   2.12    0.34    217.67  0.0491  0.0068  0.0037
0.245   2.12    0.34    232.74  0.0673  0.0097  0.0046
0.245   2.12    0.34    247.81  0.0769  0.0103  0.0139
0.245   2.12    0.34    262.89  0.0974  0.0102  0.0137
0.245   2.12    0.34    277.98  0.1327  0.0112  0.0099
0.245   2.12    0.34    293.08  0.1938  0.0157  0.0152
0.245   2.12    0.34    307.58  0.3127  0.0204  0.021
0.245   2.12    0.34    320.01  0.584   0.038   0.0718
0.245   2.12    0.34    331.35  0   0   0
0.245   2.12    0.34    352.5   0   0   0
0.245   2.12    0.45    7.5 0   0   0
0.245   2.12    0.45    22.5    0   0   0
0.245   2.12    0.45    40.64   0   0   0
0.245   2.12    0.45    51.97   0.1767  0.0101  0.0111
0.245   2.12    0.45    66.88   0.1016  0.0088  0.0085
0.245   2.12    0.45    82  0.0701  0.0077  0.0068
0.245   2.12    0.45    97.09   0.0553  0.006   0.0094
0.245   2.12    0.45    112.17  0.0425  0.0051  0.0054
0.245   2.12    0.45    127.25  0.0318  0.0054  0.0086
0.245   2.12    0.45    142.32  0.0264  0.0054  0.0043
0.245   2.12    0.45    157.39  0.021   0.0046  0.0037
0.245   2.12    0.45    172.46  0.0297  0.006   0.0102
0.245   2.12    0.45    187.54  0.0264  0.0066  0.0048
0.245   2.12    0.45    202.61  0.0286  0.0054  0.0032
0.245   2.12    0.45    217.68  0.0378  0.0057  0.0118
0.245   2.12    0.45    232.75  0.0304  0.0053  0.0052
0.245   2.12    0.45    247.83  0.0318  0.0055  0.0053
0.245   2.12    0.45    262.91  0.0658  0.0066  0.0054
0.245   2.12    0.45    278 0.0823  0.0072  0.0051
0.245   2.12    0.45    293.12  0.1207  0.01    0.0096
0.245   2.12    0.45    308.03  0.1773  0.0123  0.0164
0.245   2.12    0.45    319.36  0.2733  0.0218  0.0238
0.245   2.12    0.45    337.5   0   0   0
0.245   2.12    0.45    352.5   0   0   0
0.274   1.94    0.2 7.39    0.4953  0.0371  0.0307
0.274   1.94    0.2 22.22   0.401   0.0306  0.0273
0.274   1.94    0.2 37.12   0.3268  0.0248  0.0287
0.274   1.94    0.2 52.09   0.2833  0.0237  0.0231
0.274   1.94    0.2 67.1    0.1406  0.0185  0.0133
0.274   1.94    0.2 82.12   0.1282  0.0194  0.0176
0.274   1.94    0.2 97.16   0.1173  0.016   0.03
0.274   1.94    0.2 112.21  0.0964  0.0145  0.0205
0.274   1.94    0.2 127.26  0.0718  0.0178  0.0105
0.274   1.94    0.2 142.32  0   0   0
0.274   1.94    0.2 157.39  0.0689  0.0353  0.0321
0.274   1.94    0.2 172.46  0   0   0
0.274   1.94    0.2 187.54  0.0769  0.0394  0.0548
0.274   1.94    0.2 202.61  0.0741  0.0269  0.013
0.274   1.94    0.2 217.68  0.0586  0.0211  0.0134
0.274   1.94    0.2 232.74  0.0794  0.0238  0.022
0.274   1.94    0.2 247.79  0.0625  0.0132  0.0047
0.274   1.94    0.2 262.84  0.0907  0.0125  0.0161
0.274   1.94    0.2 277.88  0.1277  0.0164  0.022
0.274   1.94    0.2 292.9   0.1568  0.0224  0.011
0.274   1.94    0.2 307.91  0.24    0.0253  0.0247
0.274   1.94    0.2 322.88  0.3524  0.0269  0.0269
0.274   1.94    0.2 337.78  0.4428  0.0285  0.0297
0.274   1.94    0.2 352.61  0.482   0.0328  0.0319
0.274   1.94    0.26    7.47    0.45    0.0284  0.0456
0.274   1.94    0.26    22.11   0.3698  0.0245  0.0256
0.274   1.94    0.26    37  0.2619  0.0175  0.0176
0.274   1.94    0.26    51.99   0.2121  0.0158  0.0185
0.274   1.94    0.26    67.02   0.1333  0.0142  0.0086
0.274   1.94    0.26    82.07   0.0994  0.0142  0.0164
0.274   1.94    0.26    97.12   0.0682  0.0106  0.0073
0.274   1.94    0.26    112.19  0.0752  0.0115  0.0167
0.274   1.94    0.26    127.25  0.0733  0.0179  0.0207
0.274   1.94    0.26    142.31  0.0696  0.0358  0.045
0.274   1.94    0.26    157.39  0   0   0
0.274   1.94    0.26    172.46  0   0   0
0.274   1.94    0.26    187.54  0   0   0
0.274   1.94    0.26    202.61  0   0   0
0.274   1.94    0.26    217.69  0   0   0
0.274   1.94    0.26    232.75  0.033   0.0139  0.0126
0.274   1.94    0.26    247.81  0.0399  0.0097  0.0145
0.274   1.94    0.26    262.88  0.0621  0.0092  0.0198
0.274   1.94    0.26    277.93  0.1124  0.0129  0.009
0.274   1.94    0.26    292.98  0.1663  0.0179  0.0279
0.274   1.94    0.26    308.01  0.2173  0.0207  0.0272
0.274   1.94    0.26    323 0.2853  0.0194  0.0234
0.274   1.94    0.26    337.89  0.4111  0.0225  0.0279
0.274   1.94    0.26    352.53  0.4757  0.0265  0.0301
0.275   1.94    0.34    7.9 0.5178  0.0333  0.06
0.275   1.94    0.34    22.4    0.3707  0.0224  0.0243
0.275   1.94    0.34    36.83   0.2025  0.0134  0.02
0.275   1.94    0.34    51.88   0.1272  0.0104  0.0119
0.275   1.94    0.34    66.95   0.0933  0.0098  0.0058
0.275   1.94    0.34    82.02   0.061   0.0092  0.0047
0.275   1.94    0.34    97.09   0.0382  0.0075  0.0135
0.275   1.94    0.34    112.16  0.0355  0.0092  0.0072
0.275   1.94    0.34    127.24  0.0221  0.0122  0.0169
0.275   1.94    0.34    142.31  0   0   0
0.275   1.94    0.34    157.39  0   0   0
0.275   1.94    0.34    172.46  0   0   0
0.275   1.94    0.34    187.54  0   0   0
0.275   1.94    0.34    202.61  0   0   0
0.275   1.94    0.34    217.69  0   0   0
0.275   1.94    0.34    232.76  0.0512  0.0237  0.0134
0.275   1.94    0.34    247.84  0.0339  0.0103  0.0093
0.275   1.94    0.34    262.91  0.0618  0.0091  0.0165
0.275   1.94    0.34    277.98  0.0704  0.0084  0.0075
0.275   1.94    0.34    293.05  0.1013  0.0118  0.0082
0.275   1.94    0.34    308.12  0.1347  0.014   0.0215
0.275   1.94    0.34    323.17  0.218   0.0151  0.0221
0.275   1.94    0.34    337.6   0.3271  0.0182  0.0322
0.275   1.94    0.34    352.1   0.5466  0.0296  0.0421
0.275   2.35    0.2 7.61    1.0196  0.0655  0.1121
0.275   2.35    0.2 22.79   0.6189  0.0416  0.055
0.275   2.35    0.2 37.67   0.5767  0.0319  0.0522
0.275   2.35    0.2 52.38   0.366   0.0245  0.0242
0.275   2.35    0.2 67.08   0.2377  0.0222  0.0203
0.275   2.35    0.2 82.13   0.2327  0.021   0.0199
0.275   2.35    0.2 97.18   0.1494  0.0143  0.0207
0.275   2.35    0.2 112.23  0.1085  0.012   0.0127
0.275   2.35    0.2 127.29  0.066   0.0123  0.0097
0.275   2.35    0.2 142.34  0.0717  0.0151  0.0103
0.275   2.35    0.2 157.41  0.106   0.0163  0.0274
0.275   2.35    0.2 172.47  0.059   0.0125  0.0064
0.275   2.35    0.2 187.53  0   0   0
0.275   2.35    0.2 202.59  0.0854  0.0138  0.0092
0.275   2.35    0.2 217.66  0.1009  0.0147  0.0115
0.275   2.35    0.2 232.71  0.0919  0.0149  0.0109
0.275   2.35    0.2 247.77  0.1121  0.0139  0.0242
0.275   2.35    0.2 262.82  0.1702  0.015   0.0123
0.275   2.35    0.2 277.87  0.1965  0.0175  0.0175
0.275   2.35    0.2 292.92  0.2932  0.0253  0.0214
0.275   2.35    0.2 307.62  0.4239  0.03    0.0429
0.275   2.35    0.2 322.33  0.5011  0.0299  0.0353
0.275   2.35    0.2 337.21  0.8258  0.044   0.0902
0.275   2.35    0.2 352.39  0.9405  0.0588  0.0816
0.275   2.35    0.26    8.25    0   0   0
0.275   2.35    0.26    23.32   0.7787  0.047   0.0635
0.275   2.35    0.26    37.74   0.5176  0.0263  0.0391
0.275   2.35    0.26    52.32   0.2894  0.0177  0.02
0.275   2.35    0.26    67.02   0.1906  0.0163  0.0156
0.275   2.35    0.26    82.08   0.1383  0.0139  0.0117
0.275   2.35    0.26    97.15   0.1026  0.01    0.0085
0.275   2.35    0.26    112.21  0.0914  0.0092  0.0064
0.275   2.35    0.26    127.28  0.077   0.0106  0.012
0.275   2.35    0.26    142.34  0.0595  0.011   0.0052
0.275   2.35    0.26    157.4   0.042   0.0084  0.0045
0.275   2.35    0.26    172.47  0.0524  0.0104  0.0133
0.275   2.35    0.26    187.53  0.0569  0.012   0.0207
0.275   2.35    0.26    202.6   0.0572  0.0091  0.01
0.275   2.35    0.26    217.66  0.0597  0.0085  0.0091
0.275   2.35    0.26    232.72  0.059   0.009   0.0096
0.275   2.35    0.26    247.79  0.0886  0.0106  0.0061
0.275   2.35    0.26    262.85  0.0902  0.0093  0.007
0.275   2.35    0.26    277.92  0.1639  0.0136  0.0147
0.275   2.35    0.26    292.98  0.1946  0.0169  0.0201
0.275   2.35    0.26    307.68  0.3165  0.0217  0.0253
0.275   2.35    0.26    322.26  0.4857  0.0257  0.0408
0.275   2.35    0.26    336.68  0.7429  0.0401  0.0939
0.275   2.35    0.26    351.75  0   0   0
0.275   2.35    0.34    10.63   0   0   0
0.275   2.35    0.34    25.61   0   0   0
0.275   2.35    0.34    38.16   0.349   0.0194  0.0252
0.275   2.35    0.34    52.21   0.2235  0.0128  0.0165
0.275   2.35    0.34    66.95   0.1259  0.0109  0.0095
0.275   2.35    0.34    82.04   0.0863  0.0095  0.0075
0.275   2.35    0.34    97.12   0.0603  0.007   0.0071
0.275   2.35    0.34    112.19  0.0546  0.0062  0.005
0.275   2.35    0.34    127.26  0.0523  0.0073  0.0041
0.275   2.35    0.34    142.33  0.0293  0.007   0.0034
0.275   2.35    0.34    157.4   0.0393  0.0078  0.0048
0.275   2.35    0.34    172.46  0.0332  0.0081  0.0044
0.275   2.35    0.34    187.54  0.029   0.008   0.0052
0.275   2.35    0.34    202.6   0.0284  0.0057  0.0037
0.275   2.35    0.34    217.67  0.0457  0.0063  0.0065
0.275   2.35    0.34    232.74  0.042   0.0064  0.0076
0.275   2.35    0.34    247.81  0.0616  0.0079  0.0055
0.275   2.35    0.34    262.88  0.0801  0.0081  0.0084
0.275   2.35    0.34    277.96  0.0944  0.0087  0.011
0.275   2.35    0.34    293.05  0.108   0.0103  0.0089
0.275   2.35    0.34    307.79  0.2196  0.0152  0.0159
0.275   2.35    0.34    321.84  0.3556  0.0206  0.0229
0.275   2.35    0.34    334.39  0   0   0
0.275   2.35    0.34    349.37  0   0   0
0.275   2.35    0.45    7.5 0   0   0
0.275   2.35    0.45    28.13   0   0   0
0.275   2.35    0.45    38.8    0.2577  0.0145  0.0186
0.275   2.35    0.45    51.96   0.1416  0.008   0.0139
0.275   2.35    0.45    66.9    0.0856  0.0073  0.0117
0.275   2.35    0.45    82.01   0.0527  0.006   0.0055
0.275   2.35    0.45    97.1    0.036   0.0044  0.0024
0.275   2.35    0.45    112.18  0.031   0.0039  0.0022
0.275   2.35    0.45    127.26  0.0269  0.0045  0.0041
0.275   2.35    0.45    142.32  0.0339  0.0081  0.0142
0.275   2.35    0.45    157.4   0.0195  0.0062  0.0068
0.275   2.35    0.45    172.47  0.0221  0.0068  0.0049
0.275   2.35    0.45    187.53  0.0221  0.0072  0.011
0.275   2.35    0.45    202.6   0.015   0.0041  0.0042
0.275   2.35    0.45    217.68  0.0192  0.0037  0.0036
0.275   2.35    0.45    232.74  0.025   0.0045  0.0084
0.275   2.35    0.45    247.82  0.0257  0.0042  0.0027
0.275   2.35    0.45    262.9   0.0374  0.0046  0.0065
0.275   2.35    0.45    277.99  0.0388  0.0043  0.0049
0.275   2.35    0.45    293.1   0.0877  0.0073  0.0097
0.275   2.35    0.45    308.04  0.1421  0.0098  0.0135
0.275   2.35    0.45    321.2   0.2365  0.0147  0.0355
0.275   2.35    0.45    331.87  0   0   0
0.275   2.35    0.45    352.5   0   0   0
0.304   2.1 0.2 7.42    0.2543  0.024   0.0193
0.304   2.1 0.2 22.29   0.233   0.0222  0.0167
0.304   2.1 0.2 37.2    0.1894  0.0173  0.0193
0.304   2.1 0.2 52.16   0.1578  0.0154  0.0139
0.304   2.1 0.2 67.15   0.1126  0.0138  0.0157
0.304   2.1 0.2 82.16   0.0961  0.015   0.0076
0.304   2.1 0.2 97.19   0.0847  0.0164  0.0199
0.304   2.1 0.2 112.23  0.0506  0.0134  0.005
0.304   2.1 0.2 127.28  0.0604  0.0173  0.0105
0.304   2.1 0.2 142.33  0.0733  0.0271  0.0285
0.304   2.1 0.2 157.4   0.0495  0.0263  0.0429
0.304   2.1 0.2 172.46  0   0   0
0.304   2.1 0.2 187.54  0   0   0
0.304   2.1 0.2 202.6   0.0418  0.0193  0.0077
0.304   2.1 0.2 217.67  0.0407  0.0157  0.0084
0.304   2.1 0.2 232.72  0   0   0
0.304   2.1 0.2 247.77  0.0543  0.015   0.0176
0.304   2.1 0.2 262.81  0.0705  0.0119  0.0137
0.304   2.1 0.2 277.84  0.1021  0.0141  0.0112
0.304   2.1 0.2 292.85  0.1143  0.0164  0.0204
0.304   2.1 0.2 307.84  0.1836  0.0206  0.0257
0.304   2.1 0.2 322.8   0.2078  0.0187  0.0133
0.304   2.1 0.2 337.71  0.2582  0.0203  0.0183
0.304   2.1 0.2 352.58  0.2415  0.0213  0.022
0.304   2.58    0.2 7.52    0.4533  0.0329  0.0315
0.304   2.58    0.2 22.49   0.4004  0.0272  0.0424
0.304   2.58    0.2 37.48   0.2841  0.0193  0.026
0.304   2.58    0.2 52.19   0.2525  0.0184  0.0152
0.304   2.58    0.2 67.14   0.159   0.0165  0.016
0.304   2.58    0.2 82.17   0.1405  0.0172  0.0108
0.304   2.58    0.2 97.21   0.0915  0.0123  0.0159
0.304   2.58    0.2 112.25  0.073   0.0121  0.0069
0.304   2.58    0.2 127.3   0.1045  0.0156  0.0156
0.304   2.58    0.2 142.36  0.0675  0.0125  0.0122
0.304   2.58    0.2 157.41  0.0654  0.0102  0.0103
0.304   2.58    0.2 172.47  0.0407  0.0085  0.0103
0.304   2.58    0.2 187.53  0.0657  0.0124  0.0126
0.304   2.58    0.2 202.59  0.0507  0.0084  0.0046
0.304   2.58    0.2 217.64  0.0477  0.0085  0.0175
0.304   2.58    0.2 232.7   0.0617  0.012   0.0184
0.304   2.58    0.2 247.75  0.0737  0.0133  0.0146
0.304   2.58    0.2 262.79  0.1112  0.0136  0.0088
0.304   2.58    0.2 277.83  0.1236  0.0147  0.0097
0.304   2.58    0.2 292.86  0.198   0.0198  0.0154
0.304   2.58    0.2 307.81  0.2485  0.0208  0.0166
0.304   2.58    0.2 322.52  0.3092  0.0206  0.025
0.304   2.58    0.2 337.51  0.4506  0.0263  0.0567
0.304   2.58    0.2 352.48  0.3892  0.0289  0.0374
0.305   2.58    0.26    7.68    0.4998  0.0357  0.0539
0.305   2.58    0.26    22.75   0.3781  0.0268  0.0519
0.305   2.58    0.26    37.64   0.2458  0.0158  0.0175
0.305   2.58    0.26    52.19   0.1975  0.0139  0.0146
0.305   2.58    0.26    67.07   0.1319  0.0129  0.0152
0.305   2.58    0.26    82.12   0.0953  0.0108  0.0077
0.305   2.58    0.26    97.17   0.0569  0.0072  0.004
0.305   2.58    0.26    112.23  0.0532  0.0073  0.0052
0.305   2.58    0.26    127.29  0.0564  0.01    0.0104
0.305   2.58    0.26    142.35  0.0408  0.0079  0.0037
0.305   2.58    0.26    157.4   0.0424  0.0069  0.007
0.305   2.58    0.26    172.47  0.0406  0.0071  0.0073
0.305   2.58    0.26    187.53  0.0305  0.0067  0.004
0.305   2.58    0.26    202.6   0.0417  0.0065  0.0049
0.305   2.58    0.26    217.65  0.0404  0.0067  0.0037
0.305   2.58    0.26    232.71  0.0408  0.0081  0.0072
0.305   2.58    0.26    247.77  0.0533  0.0087  0.0043
0.305   2.58    0.26    262.83  0.0728  0.0078  0.0159
0.305   2.58    0.26    277.88  0.0968  0.0096  0.0086
0.305   2.58    0.26    292.93  0.1366  0.0133  0.0089
0.305   2.58    0.26    307.81  0.2015  0.0162  0.0141
0.305   2.58    0.26    322.36  0.2872  0.0177  0.0253
0.305   2.58    0.26    337.25  0.4143  0.0232  0.0518
0.305   2.58    0.26    352.32  0.6113  0.036   0.0463
0.305   2.58    0.34    8.74    0   0   0
0.305   2.58    0.34    23.49   0.3463  0.0269  0.0284
0.305   2.58    0.34    37.77   0.2622  0.015   0.0294
0.305   2.58    0.34    52.1    0.1357  0.0098  0.0139
0.305   2.58    0.34    66.99   0.0783  0.0084  0.0096
0.305   2.58    0.34    82.07   0.0675  0.0079  0.0059
0.305   2.58    0.34    97.14   0.055   0.0062  0.0038
0.305   2.58    0.34    112.21  0.0449  0.0056  0.0051
0.305   2.58    0.34    127.27  0.0286  0.006   0.0111
0.305   2.58    0.34    142.34  0.0204  0.0057  0.0108
0.305   2.58    0.34    157.4   0.0276  0.006   0.0029
0.305   2.58    0.34    172.46  0.0209  0.0056  0.0038
0.305   2.58    0.34    187.54  0.0172  0.0049  0.0029
0.305   2.58    0.34    202.6   0.0185  0.0044  0.003
0.305   2.58    0.34    217.66  0.0282  0.0052  0.0028
0.305   2.58    0.34    232.73  0.0232  0.0058  0.0081
0.305   2.58    0.34    247.79  0.041   0.0064  0.0076
0.305   2.58    0.34    262.86  0.0473  0.0056  0.0054
0.305   2.58    0.34    277.93  0.0549  0.0063  0.0068
0.305   2.58    0.34    293.01  0.1027  0.0103  0.0081
0.305   2.58    0.34    307.9   0.1394  0.0118  0.0112
0.305   2.58    0.34    322.23  0.2031  0.0136  0.015
0.305   2.58    0.34    336.51  0.3739  0.0228  0.0398
0.305   2.58    0.34    351.26  0   0   0
0.305   2.58    0.45    13.49   0   0   0
0.305   2.58    0.45    25.89   0   0   0
0.305   2.58    0.45    38.18   0.1605  0.0101  0.0218
0.305   2.58    0.45    51.9    0.0967  0.0064  0.0087
0.305   2.58    0.45    66.93   0.0548  0.0056  0.0049
0.305   2.58    0.45    82.03   0.0472  0.0057  0.0063
0.305   2.58    0.45    97.11   0.0326  0.0041  0.0026
0.305   2.58    0.45    112.19  0.0227  0.0032  0.0019
0.305   2.58    0.45    127.26  0.0154  0.0038  0.004
0.305   2.58    0.45    142.33  0.0136  0.0041  0.0063
0.305   2.58    0.45    157.4   0.0113  0.0038  0.0041
0.305   2.58    0.45    172.47  0.0203  0.0055  0.005
0.305   2.58    0.45    187.53  0.0249  0.0065  0.0024
0.305   2.58    0.45    202.6   0.0249  0.0058  0.007
0.305   2.58    0.45    217.67  0.0161  0.0039  0.004
0.305   2.58    0.45    232.74  0.0155  0.0042  0.0023
0.305   2.58    0.45    247.81  0.0224  0.0041  0.0073
0.305   2.58    0.45    262.89  0.0312  0.0039  0.0073
0.305   2.58    0.45    277.97  0.0429  0.0047  0.0044
0.305   2.58    0.45    293.07  0.0572  0.006   0.0049
0.305   2.58    0.45    308.1   0.0986  0.0081  0.0095
0.305   2.58    0.45    321.82  0.1474  0.0099  0.0106
0.305   2.58    0.45    334.11  0   0   0
0.305   2.58    0.45    346.51  0   0   0
0.335   2.78    0.2 7.5 0.2191  0.0197  0.0137
0.335   2.78    0.2 22.42   0.1642  0.0163  0.0119
0.335   2.78    0.2 37.29   0.1781  0.015   0.0139
0.335   2.78    0.2 52.22   0.1218  0.0128  0.0162
0.335   2.78    0.2 67.22   0.1078  0.0146  0.0199
0.335   2.78    0.2 82.23   0.0878  0.0152  0.0111
0.335   2.78    0.2 97.25   0.0621  0.0108  0.0075
0.335   2.78    0.2 112.29  0.0506  0.0084  0.0104
0.335   2.78    0.2 127.33  0.0568  0.0104  0.0142
0.335   2.78    0.2 142.37  0.0565  0.0152  0.0147
0.335   2.78    0.2 157.42  0.0674  0.0182  0.0121
0.335   2.78    0.2 172.48  0.048   0.0166  0.0082
0.335   2.78    0.2 187.52  0.0766  0.0255  0.063
0.335   2.78    0.2 202.58  0.0402  0.0115  0.007
0.335   2.78    0.2 217.63  0.0535  0.0127  0.0206
0.335   2.78    0.2 232.67  0.0796  0.0148  0.0088
0.335   2.78    0.2 247.71  0.0563  0.01    0.01
0.335   2.78    0.2 262.75  0.0688  0.0102  0.0043
0.335   2.78    0.2 277.77  0.0958  0.0147  0.0121
0.335   2.78    0.2 292.78  0.1318  0.0186  0.0183
0.335   2.78    0.2 307.78  0.1475  0.0171  0.0232
0.335   2.78    0.2 322.71  0.1478  0.014   0.015
0.335   2.78    0.2 337.58  0.1841  0.0151  0.0172
0.335   2.78    0.2 352.5   0.2272  0.0195  0.0264
0.335   2.78    0.26    7.6 0.2001  0.016   0.0201
0.335   2.78    0.26    22.58   0.2173  0.016   0.0256
0.335   2.78    0.26    37.36   0.1552  0.0112  0.009
0.335   2.78    0.26    52.11   0.1303  0.0102  0.0087
0.335   2.78    0.26    67.13   0.0834  0.0094  0.009
0.335   2.78    0.26    82.16   0.0731  0.0108  0.0104
0.335   2.78    0.26    97.2    0.0595  0.0095  0.0057
0.335   2.78    0.26    112.25  0.0407  0.0062  0.0036
0.335   2.78    0.26    127.3   0.0274  0.0051  0.0027
0.335   2.78    0.26    142.36  0.0315  0.0068  0.0097
0.335   2.78    0.26    157.41  0.0243  0.0055  0.0051
0.335   2.78    0.26    172.47  0.0246  0.0061  0.0034
0.335   2.78    0.26    187.53  0.0241  0.0067  0.0063
0.335   2.78    0.26    202.59  0.0295  0.0052  0.0025
0.335   2.78    0.26    217.64  0.0396  0.0062  0.0039
0.335   2.78    0.26    232.7   0.0363  0.0065  0.004
0.335   2.78    0.26    247.75  0.0428  0.0067  0.0049
0.335   2.78    0.26    262.8   0.0518  0.0076  0.0064
0.335   2.78    0.26    277.84  0.0515  0.0078  0.0056
0.335   2.78    0.26    292.87  0.0794  0.01    0.0111
0.335   2.78    0.26    307.89  0.1288  0.012   0.0122
0.335   2.78    0.26    322.64  0.1681  0.0118  0.0196
0.335   2.78    0.26    337.42  0.2025  0.0132  0.0133
0.335   2.78    0.26    352.4   0.2432  0.0167  0.0273
0.335   2.78    0.34    7.72    0.3152  0.0216  0.0419
0.335   2.78    0.34    22.73   0.2019  0.0152  0.0154
0.335   2.78    0.34    37.54   0.1318  0.0093  0.0119
0.335   2.78    0.34    51.99   0.1066  0.0082  0.0135
0.335   2.78    0.34    67.04   0.0699  0.0075  0.0109
0.335   2.78    0.34    82.1    0.053   0.0068  0.0066
0.335   2.78    0.34    97.16   0.0351  0.0055  0.0111
0.335   2.78    0.34    112.22  0.03    0.005   0.0059
0.335   2.78    0.34    127.28  0.0207  0.004   0.0033
0.335   2.78    0.34    142.35  0.0142  0.0042  0.003
0.335   2.78    0.34    157.41  0.0217  0.0049  0.0042
0.335   2.78    0.34    172.47  0.0169  0.0045  0.0073
0.335   2.78    0.34    187.53  0.0092  0.0034  0.0047
0.335   2.78    0.34    202.59  0.0188  0.0039  0.0019
0.335   2.78    0.34    217.65  0.0222  0.0042  0.0037
0.335   2.78    0.34    232.72  0.0273  0.0048  0.0059
0.335   2.78    0.34    247.78  0.0306  0.0059  0.0092
0.335   2.78    0.34    262.84  0.0353  0.0051  0.0052
0.335   2.78    0.34    277.9   0.0561  0.0061  0.0062
0.335   2.78    0.34    292.96  0.0589  0.0069  0.0046
0.335   2.78    0.34    308.01  0.0883  0.0088  0.0074
0.335   2.78    0.34    322.46  0.138   0.0099  0.0088
0.335   2.78    0.34    337.27  0.1855  0.0121  0.013
0.335   2.78    0.34    352.28  0.2703  0.018   0.0187
0.335   2.78    0.45    8.65    0   0   0
0.335   2.78    0.45    23.43   0.1654  0.0139  0.0195
0.335   2.78    0.45    37.7    0.0994  0.0069  0.0073
0.335   2.78    0.45    51.87   0.0646  0.0051  0.006
0.335   2.78    0.45    66.97   0.0468  0.005   0.0052
0.335   2.78    0.45    82.05   0.0243  0.0036  0.0047
0.335   2.78    0.45    97.13   0.0215  0.0036  0.0046
0.335   2.78    0.45    112.2   0.0149  0.0032  0.0039
0.335   2.78    0.45    127.27  0.014   0.0033  0.0029
0.335   2.78    0.45    142.34  0.0111  0.0035  0.0046
0.335   2.78    0.45    157.41  0.0097  0.0033  0.0014
0.335   2.78    0.45    172.48  0.0112  0.0041  0.002
0.335   2.78    0.45    187.52  0.0153  0.0051  0.002
0.335   2.78    0.45    202.59  0.0085  0.0028  0.0029
0.335   2.78    0.45    217.66  0.0094  0.0023  0.0025
0.335   2.78    0.45    232.73  0.0149  0.0037  0.0049
0.335   2.78    0.45    247.8   0.0191  0.0039  0.0034
0.335   2.78    0.45    262.87  0.02    0.003   0.002
0.335   2.78    0.45    277.95  0.0257  0.0032  0.0024
0.335   2.78    0.45    293.03  0.043   0.005   0.0111
0.335   2.78    0.45    308.13  0.0635  0.0061  0.0063
0.335   2.78    0.45    322.3   0.1034  0.0073  0.0094
0.335   2.78    0.45    336.57  0.1834  0.0119  0.0203
0.335   2.78    0.45    351.35  0   0   0
0.365   2.97    0.26    7.44    0.1149  0.0112  0.016
0.365   2.97    0.26    22.39   0.104   0.0105  0.0088
0.365   2.97    0.26    37.23   0.1053  0.0095  0.0112
0.365   2.97    0.26    52.19   0.0695  0.0076  0.0052
0.365   2.97    0.26    67.19   0.0732  0.0097  0.0225
0.365   2.97    0.26    82.21   0.0395  0.007   0.0052
0.365   2.97    0.26    97.24   0.039   0.0065  0.0064
0.365   2.97    0.26    112.28  0.0369  0.0055  0.0034
0.365   2.97    0.26    127.32  0.0282  0.0053  0.0033
0.365   2.97    0.26    142.37  0.0333  0.0093  0.0057
0.365   2.97    0.26    157.42  0.0265  0.0105  0.0072
0.365   2.97    0.26    172.48  0.03    0.0141  0.0065
0.365   2.97    0.26    187.52  0   0   0
0.365   2.97    0.26    202.58  0.0243  0.008   0.009
0.365   2.97    0.26    217.63  0   0   0
0.365   2.97    0.26    232.68  0.0301  0.0065  0.0035
0.365   2.97    0.26    247.72  0.0322  0.0053  0.0026
0.365   2.97    0.26    262.76  0.032   0.005   0.0071
0.365   2.97    0.26    277.79  0.0527  0.008   0.0034
0.365   2.97    0.26    292.81  0.0633  0.0097  0.0118
0.365   2.97    0.26    307.81  0.0847  0.0109  0.0072
0.365   2.97    0.26    322.77  0.1058  0.0096  0.0076
0.365   2.97    0.26    337.61  0.1255  0.01    0.0175
0.365   2.97    0.26    352.56  0.1404  0.0117  0.0084
0.365   2.97    0.34    7.48    0.1472  0.0116  0.0208
0.365   2.97    0.34    22.49   0.1167  0.0097  0.0079
0.365   2.97    0.34    37.22   0.0785  0.0069  0.0072
0.365   2.97    0.34    52.07   0.06    0.0057  0.0082
0.365   2.97    0.34    67.1    0.0427  0.0054  0.006
0.365   2.97    0.34    82.14   0.0398  0.0066  0.0068
0.365   2.97    0.34    97.19   0.028   0.0051  0.0021
0.365   2.97    0.34    112.24  0.0232  0.0035  0.0023
0.365   2.97    0.34    127.3   0.0165  0.0034  0.004
0.365   2.97    0.34    142.35  0.0102  0.0033  0.0038
0.365   2.97    0.34    157.41  0.0098  0.0038  0.0025
0.365   2.97    0.34    172.47  0.0112  0.0044  0.0042
0.365   2.97    0.34    187.53  0.0088  0.004   0.005
0.365   2.97    0.34    202.59  0.0131  0.0035  0.0072
0.365   2.97    0.34    217.65  0.0137  0.0033  0.0021
0.365   2.97    0.34    232.7   0.0164  0.0037  0.0043
0.365   2.97    0.34    247.76  0.014   0.0031  0.002
0.365   2.97    0.34    262.81  0.0243  0.004   0.0058
0.365   2.97    0.34    277.86  0.0318  0.0053  0.0035
0.365   2.97    0.34    292.9   0.0362  0.0057  0.0043
0.365   2.97    0.34    307.93  0.0663  0.0074  0.0057
0.365   2.97    0.34    322.78  0.0909  0.0073  0.0146
0.365   2.97    0.34    337.51  0.1219  0.0085  0.0114
0.365   2.97    0.34    352.52  0.1358  0.0101  0.0082
0.365   2.97    0.45    7.76    0.1401  0.0113  0.0096
0.365   2.97    0.45    22.66   0.105   0.0086  0.0086
0.365   2.97    0.45    37.33   0.0576  0.005   0.0073
0.365   2.97    0.45    51.94   0.0462  0.0042  0.0058
0.365   2.97    0.45    67.01   0.0288  0.0036  0.002
0.365   2.97    0.45    82.08   0.0162  0.0034  0.0026
0.365   2.97    0.45    97.15   0.0184  0.0037  0.002
0.365   2.97    0.45    112.22  0.013   0.0023  0.0019
0.365   2.97    0.45    127.28  0.0126  0.0029  0.002
0.365   2.97    0.45    142.33  0   0   0
0.365   2.97    0.45    157.42  0.0108  0.0038  0.0022
0.365   2.97    0.45    172.49  0.0053  0.0027  0.0029
0.365   2.97    0.45    187.51  0.0045  0.0024  0.0012
0.365   2.97    0.45    202.58  0.0073  0.0025  0.0015
0.365   2.97    0.45    217.67  0.0082  0.0022  0.0026
0.365   2.97    0.45    232.72  0.011   0.0029  0.0022
0.365   2.97    0.45    247.78  0.0122  0.0026  0.0029
0.365   2.97    0.45    262.85  0.0135  0.0027  0.0017
0.365   2.97    0.45    277.92  0.0179  0.0029  0.0021
0.365   2.97    0.45    292.99  0.0233  0.0035  0.0035
0.365   2.97    0.45    308.06  0.0475  0.0051  0.0075
0.365   2.97    0.45    322.67  0.065   0.0053  0.0055
0.365   2.97    0.45    337.34  0.1181  0.0074  0.0072
0.365   2.97    0.45    352.24  0.1786  0.0112  0.0108
0.4 3.18    0.34    7.46    0.0555  0.0056  0.0055
0.4 3.18    0.34    22.33   0.0568  0.0059  0.005
0.4 3.18    0.34    37.19   0.0469  0.0048  0.0031
0.4 3.18    0.34    52.17   0.0397  0.0043  0.0026
0.4 3.18    0.34    67.17   0.0359  0.0044  0.0051
0.4 3.18    0.34    82.2    0.02    0.0033  0.0016
0.4 3.18    0.34    97.23   0.0219  0.0036  0.0037
0.4 3.18    0.34    112.27  0.0125  0.0025  0.0016
0.4 3.18    0.34    127.32  0.0149  0.0031  0.0053
0.4 3.18    0.34    142.37  0   0   0
0.4 3.18    0.34    157.43  0.0161  0.0084  0.0078
0.4 3.18    0.34    172.48  0   0   0
0.4 3.18    0.34    187.52  0   0   0
0.4 3.18    0.34    202.57  0.0197  0.007   0.0105
0.4 3.18    0.34    217.63  0.0157  0.0046  0.0012
0.4 3.18    0.34    232.68  0.014   0.0039  0.0066
0.4 3.18    0.34    247.73  0.0157  0.0027  0.0027
0.4 3.18    0.34    262.77  0.0215  0.0029  0.004
0.4 3.18    0.34    277.8   0.023   0.0035  0.0025
0.4 3.18    0.34    292.83  0.0316  0.0046  0.003
0.4 3.18    0.34    307.83  0.0436  0.0056  0.0061
0.4 3.18    0.34    322.81  0.0512  0.0049  0.0038
0.4 3.18    0.34    337.67  0.0618  0.005   0.0043
0.4 3.18    0.34    352.54  0.0652  0.0056  0.0041
0.4 3.18    0.45    7.52    0.0663  0.0052  0.0055
0.4 3.18    0.45    22.49   0.0585  0.0047  0.0054
0.4 3.18    0.45    37.08   0.0423  0.0036  0.0027
0.4 3.18    0.45    52.03   0.0309  0.0029  0.0032
0.4 3.18    0.45    67.07   0.0182  0.0025  0.0025
0.4 3.18    0.45    82.12   0.0196  0.003   0.0037
0.4 3.18    0.45    97.18   0.0131  0.0023  0.0018
0.4 3.18    0.45    112.24  0.0114  0.002   0.0023
0.4 3.18    0.45    127.29  0.0098  0.0021  0.001
0.4 3.18    0.45    142.34  0.0095  0.0028  0.0035
0.4 3.18    0.45    157.41  0.0042  0.002   0.0011
0.4 3.18    0.45    172.46  0.0052  0.0024  0.0011
0.4 3.18    0.45    187.54  0   0   0
0.4 3.18    0.45    202.59  0.0065  0.0023  0.0025
0.4 3.18    0.45    217.66  0   0   0
0.4 3.18    0.45    232.71  0.0074  0.002   0.0029
0.4 3.18    0.45    247.76  0.0135  0.0024  0.003
0.4 3.18    0.45    262.82  0.0126  0.0019  0.0015
0.4 3.18    0.45    277.88  0.0152  0.0024  0.0034
0.4 3.18    0.45    292.93  0.0208  0.0032  0.0016
0.4 3.18    0.45    307.97  0.0361  0.004   0.0033
0.4 3.18    0.45    322.92  0.0436  0.0036  0.0034
0.4 3.18    0.45    337.51  0.058   0.0039  0.0062
0.4 3.18    0.45    352.48  0.0707  0.0048  0.0041
