id = 141
editor = MC
#Feb. 2020

###Experiment

collaboration = HALLA
process = ep2epgamma
exptype = fixed target
year = 2018
#reference =  doi:10.1038/s41567-019-0774-3
inspiretex = Georges:2018kyi
reference2 = Table 1.1


### Scattering Process

frame = Trento

in1particle = e-
in1energyunit = GeV

in2particle = p

out1particle = e-
out2particle = p
out3particle = gamma


### Observable 
y1name = XUU
y1namelong = Beam Helicity Independent Cross Section 
# or Beam spin sum
y1unit = nb/GeV^4
y1value = column6
y1errorstatistic = column7
#y1errorsystematicplus = column6
#y1errorsystematicminus = column7


### x-axes

x1name = in1energy
x1unit = GeV
x1value = column1

x2name = xB
x2unit = 1
x2value = column2

x3name = Q2
x3unit = GeV^2
x3value = column3

x4name = t
x4unit = GeV^2
x4value = column4

x5name = phi
x5unit = deg
x5value = column5


###Data

#E      xB	    Q2	        t	phi	    XUU	    errstat
###############################################################
7.383	0.363	3.17		-0.2108		7.5	0.04685	0.0015
7.383	0.363	3.17		-0.2108		22.5	0.043	0.0015
7.383	0.363	3.17		-0.2108		37.5	0.0412	0.0014
7.383	0.363	3.17		-0.2108		52.5	0.03692	0.0013
7.383	0.363	3.17		-0.2108		67.5	0.03529	0.0012
7.383	0.363	3.17		-0.2108		82.5	0.02995	0.0012
7.383	0.363	3.17		-0.2108		97.5	0.02703	0.0011
7.383	0.363	3.17		-0.2108		112.5	0.02304	0.00097
7.383	0.363	3.17		-0.2108		127.5	0.02258	0.00096
7.383	0.363	3.17		-0.2108		142.5	0.02119	0.00094
7.383	0.363	3.17		-0.2108		157.5	0.02063	0.00092
7.383	0.363	3.17		-0.2108		172.5	0.01966	0.00088
7.383	0.363	3.17		-0.2108		187.5	0.0212	0.00093
7.383	0.363	3.17		-0.2108		202.5	0.02104	0.00093
7.383	0.363	3.17		-0.2108		217.5	0.02064	0.00093
7.383	0.363	3.17		-0.2108		232.5	0.02057	0.00094
7.383	0.363	3.17		-0.2108		247.5	0.02456	0.001
7.383	0.363	3.17		-0.2108		262.5	0.02719	0.0011
7.383	0.363	3.17		-0.2108		277.5	0.02885	0.0011
7.383	0.363	3.17		-0.2108		292.5	0.03594	0.0013
7.383	0.363	3.17		-0.2108		307.5	0.03933	0.0013
7.383	0.363	3.17		-0.2108		322.5	0.04277	0.0014
7.383	0.363	3.17		-0.2108		337.5	0.04669	0.0015
7.383	0.363	3.17		-0.2108		352.5	0.05042	0.0015
7.383	0.363	3.17		-0.2966		7.5	0.04374	0.0017
7.383	0.363	3.17		-0.2966		22.5	0.03845	0.0016
7.383	0.363	3.17		-0.2966		37.5	0.03587	0.0015
7.383	0.363	3.17		-0.2966		52.5	0.03162	0.0013
7.383	0.363	3.17		-0.2966		67.5	0.02425	0.0011
7.383	0.363	3.17		-0.2966		82.5	0.02062	0.001
7.383	0.363	3.17		-0.2966		97.5	0.01769	0.0009
7.383	0.363	3.17		-0.2966		112.5	0.01511	0.00081
7.383	0.363	3.17		-0.2966		127.5	0.01295	0.00076
7.383	0.363	3.17		-0.2966		142.5	0.01345	0.00077
7.383	0.363	3.17		-0.2966		157.5	0.0107	0.00069
7.383	0.363	3.17		-0.2966		172.5	0.01124	0.00071
7.383	0.363	3.17		-0.2966		187.5	0.01152	0.00072
7.383	0.363	3.17		-0.2966		202.5	0.0132	0.00076
7.383	0.363	3.17		-0.2966		217.5	0.01397	0.00079
7.383	0.363	3.17		-0.2966		232.5	0.01439	0.00084
7.383	0.363	3.17		-0.2966		247.5	0.01675	0.00089
7.383	0.363	3.17		-0.2966		262.5	0.01842	0.00096
7.383	0.363	3.17		-0.2966		277.5	0.02197	0.0011
7.383	0.363	3.17		-0.2966		292.5	0.02567	0.0012
7.383	0.363	3.17		-0.2966		307.5	0.03149	0.0013
7.383	0.363	3.17		-0.2966		322.5	0.0391	0.0014
7.383	0.363	3.17		-0.2966		337.5	0.04204	0.0016
7.383	0.363	3.17		-0.2966		352.5	0.04614	0.0017
7.383	0.365	3.18		-0.3849		7.5	0.03354	0.0026
7.383	0.365	3.18		-0.3849		22.5	0.03077	0.0021
7.383	0.365	3.18		-0.3849		37.5	0.02466	0.0015
7.383	0.365	3.18		-0.3849		52.5	0.02045	0.0012
7.383	0.365	3.18		-0.3849		67.5	0.01693	0.001
7.383	0.365	3.18		-0.3849		82.5	0.01414	0.0009
7.383	0.365	3.18		-0.3849		97.5	0.01212	0.00078
7.383	0.365	3.18		-0.3849		112.5	0.01077	0.00072
7.383	0.365	3.18		-0.3849		127.5	0.009571	0.00068
7.383	0.365	3.18		-0.3849		142.5	0.008585	0.00066
7.383	0.365	3.18		-0.3849		157.5	0.009052	0.00067
7.383	0.365	3.18		-0.3849		172.5	0.009278	0.00069
7.383	0.365	3.18		-0.3849		187.5	0.008896	0.00066
7.383	0.365	3.18		-0.3849		202.5	0.01015	0.00073
7.383	0.365	3.18		-0.3849		217.5	0.009314	0.00069
7.383	0.365	3.18		-0.3849		232.5	0.009574	0.00071
7.383	0.365	3.18		-0.3849		247.5	0.01043	0.00077
7.383	0.365	3.18		-0.3849		262.5	0.014	0.00086
7.383	0.365	3.18		-0.3849		277.5	0.01522	0.00095
7.383	0.365	3.18		-0.3849		292.5	0.01955	0.0011
7.383	0.365	3.18		-0.3849		307.5	0.02395	0.0013
7.383	0.365	3.18		-0.3849		322.5	0.02902	0.0015
7.383	0.365	3.18		-0.3849		337.5	0.03418	0.002
7.383	0.365	3.18		-0.3849		352.5	0.03616	0.0026
7.383	0.365	3.18		-0.4709		7.5	0.02955	0.007
7.383	0.365	3.18		-0.4709		22.5	0.02071	0.0039
7.383	0.365	3.18		-0.4709		37.5	0.02158	0.002
7.383	0.365	3.18		-0.4709		52.5	0.01744	0.0013
7.383	0.365	3.18		-0.4709		67.5	0.01317	0.001
7.383	0.365	3.18		-0.4709		82.5	0.01215	0.00091
7.383	0.365	3.18		-0.4709		97.5	0.009614	0.0008
7.383	0.365	3.18		-0.4709		112.5	0.008001	0.00069
7.383	0.365	3.18		-0.4709		127.5	0.006943	0.00063
7.383	0.365	3.18		-0.4709		142.5	0.006324	0.0006
7.383	0.365	3.18		-0.4709		157.5	0.00626	0.00063
7.383	0.365	3.18		-0.4709		172.5	0.00696	0.00071
7.383	0.365	3.18		-0.4709		187.5	0.005952	0.00067
7.383	0.365	3.18		-0.4709		202.5	0.007892	0.00069
7.383	0.365	3.18		-0.4709		217.5	0.008029	0.00068
7.383	0.365	3.18		-0.4709		232.5	0.006955	0.00066
7.383	0.365	3.18		-0.4709		247.5	0.008303	0.00071
7.383	0.365	3.18		-0.4709		262.5	0.008896	0.0008
7.383	0.365	3.18		-0.4709		277.5	0.01166	0.00095
7.383	0.365	3.18		-0.4709		292.5	0.01447	0.0011
7.383	0.365	3.18		-0.4709		307.5	0.0186	0.0014
7.383	0.365	3.18		-0.4709		322.5	0.02048	0.0019
7.383	0.365	3.18		-0.4709		337.5	0.02193	0.0035
7.383	0.365	3.18		-0.4709		352.5	0.0175	0.0061
7.383	0.364	3.18		-0.5858		7.5	0.02843	0.034
7.383	0.364	3.18		-0.5858		22.5	0.0197	0.0096
7.383	0.364	3.18		-0.5858		37.5	0.01216	0.0025
7.383	0.364	3.18		-0.5858		52.5	0.009409	0.0012
7.383	0.364	3.18		-0.5858		67.5	0.008743	0.00087
7.383	0.364	3.18		-0.5858		82.5	0.007297	0.00074
7.383	0.364	3.18		-0.5858		97.5	0.006193	0.00064
7.383	0.364	3.18		-0.5858		112.5	0.00509	0.00053
7.383	0.364	3.18		-0.5858		127.5	0.004834	0.00046
7.383	0.364	3.18		-0.5858		142.5	0.005332	0.00052
7.383	0.364	3.18		-0.5858		157.5	0.006888	0.00076
7.383	0.364	3.18		-0.5858		172.5	0.006118	0.00095
7.383	0.364	3.18		-0.5858		187.5	0.006859	0.0011
7.383	0.364	3.18		-0.5858		202.5	0.007747	0.0008
7.383	0.364	3.18		-0.5858		217.5	0.00561	0.00057
7.383	0.364	3.18		-0.5858		232.5	0.006624	0.00052
7.383	0.364	3.18		-0.5858		247.5	0.005414	0.00052
7.383	0.364	3.18		-0.5858		262.5	0.007065	0.00069
7.383	0.364	3.18		-0.5858		277.5	0.008133	0.00081
7.383	0.364	3.18		-0.5858		292.5	0.01023	0.00095
7.383	0.364	3.18		-0.5858		307.5	0.01522	0.0014
7.383	0.364	3.18		-0.5858		322.5	0.01818	0.0026
7.383	0.364	3.18		-0.5858		337.5	0.02104	0.0092
7.383	0.364	3.18		-0.5858		352.5	0.001386	0.048
8.521	0.367	3.65		-0.2046		7.5	0.02745	0.00092
8.521	0.367	3.65		-0.2046		22.5	0.02291	0.00084
8.521	0.367	3.65		-0.2046		37.5	0.02277	0.00084
8.521	0.367	3.65		-0.2046		52.5	0.02077	0.00081
8.521	0.367	3.65		-0.2046		67.5	0.02182	0.00079
8.521	0.367	3.65		-0.2046		82.5	0.01831	0.00074
8.521	0.367	3.65		-0.2046		97.5	0.01753	0.00072
8.521	0.367	3.65		-0.2046		112.5	0.01642	0.00068
8.521	0.367	3.65		-0.2046		127.5	0.01565	0.00065
8.521	0.367	3.65		-0.2046		142.5	0.01412	0.00062
8.521	0.367	3.65		-0.2046		157.5	0.01291	0.0006
8.521	0.367	3.65		-0.2046		172.5	0.01295	0.0006
8.521	0.367	3.65		-0.2046		187.5	0.01221	0.0006
8.521	0.367	3.65		-0.2046		202.5	0.01352	0.00063
8.521	0.367	3.65		-0.2046		217.5	0.01328	0.00062
8.521	0.367	3.65		-0.2046		232.5	0.01609	0.00068
8.521	0.367	3.65		-0.2046		247.5	0.01518	0.00067
8.521	0.367	3.65		-0.2046		262.5	0.01853	0.00073
8.521	0.367	3.65		-0.2046		277.5	0.02088	0.00078
8.521	0.367	3.65		-0.2046		292.5	0.02143	0.00079
8.521	0.367	3.65		-0.2046		307.5	0.0225	0.00082
8.521	0.367	3.65		-0.2046		322.5	0.02521	0.00087
8.521	0.367	3.65		-0.2046		337.5	0.0237	0.00086
8.521	0.367	3.65		-0.2046		352.5	0.0257	0.0009
8.521	0.367	3.65		-0.2658		7.5	0.02351	0.001
8.521	0.367	3.65		-0.2658		22.5	0.02188	0.00096
8.521	0.367	3.65		-0.2658		37.5	0.01989	0.00084
8.521	0.367	3.65		-0.2658		52.5	0.01905	0.00078
8.521	0.367	3.65		-0.2658		67.5	0.01792	0.00074
8.521	0.367	3.65		-0.2658		82.5	0.01338	0.00065
8.521	0.367	3.65		-0.2658		97.5	0.01181	0.00061
8.521	0.367	3.65		-0.2658		112.5	0.01052	0.00055
8.521	0.367	3.65		-0.2658		127.5	0.01087	0.00056
8.521	0.367	3.65		-0.2658		142.5	0.009838	0.00052
8.521	0.367	3.65		-0.2658		157.5	0.008124	0.00049
8.521	0.367	3.65		-0.2658		172.5	0.008823	0.0005
8.521	0.367	3.65		-0.2658		187.5	0.008737	0.00049
8.521	0.367	3.65		-0.2658		202.5	0.009994	0.00054
8.521	0.367	3.65		-0.2658		217.5	0.01052	0.00056
8.521	0.367	3.65		-0.2658		232.5	0.009703	0.00056
8.521	0.367	3.65		-0.2658		247.5	0.01104	0.00058
8.521	0.367	3.65		-0.2658		262.5	0.01297	0.00062
8.521	0.367	3.65		-0.2658		277.5	0.01426	0.00066
8.521	0.367	3.65		-0.2658		292.5	0.01711	0.00072
8.521	0.367	3.65		-0.2658		307.5	0.01966	0.00078
8.521	0.367	3.65		-0.2658		322.5	0.02217	0.00085
8.521	0.367	3.65		-0.2658		337.5	0.02531	0.00097
8.521	0.367	3.65		-0.2658		352.5	0.02354	0.001
8.521	0.369	3.67		-0.3303		7.5	0.02152	0.0015
8.521	0.369	3.67		-0.3303		22.5	0.01662	0.0012
8.521	0.369	3.67		-0.3303		37.5	0.01676	0.00094
8.521	0.369	3.67		-0.3303		52.5	0.01518	0.00077
8.521	0.369	3.67		-0.3303		67.5	0.0124	0.00067
8.521	0.369	3.67		-0.3303		82.5	0.01033	0.00059
8.521	0.369	3.67		-0.3303		97.5	0.008826	0.00054
8.521	0.369	3.67		-0.3303		112.5	0.00848	0.00052
8.521	0.369	3.67		-0.3303		127.5	0.007736	0.00048
8.521	0.369	3.67		-0.3303		142.5	0.006691	0.00045
8.521	0.369	3.67		-0.3303		157.5	0.007056	0.00045
8.521	0.369	3.67		-0.3303		172.5	0.006699	0.00045
8.521	0.369	3.67		-0.3303		187.5	0.00688	0.00046
8.521	0.369	3.67		-0.3303		202.5	0.00709	0.00047
8.521	0.369	3.67		-0.3303		217.5	0.007105	0.00048
8.521	0.369	3.67		-0.3303		232.5	0.007909	0.0005
8.521	0.369	3.67		-0.3303		247.5	0.00943	0.00054
8.521	0.369	3.67		-0.3303		262.5	0.009643	0.00057
8.521	0.369	3.67		-0.3303		277.5	0.01201	0.00062
8.521	0.369	3.67		-0.3303		292.5	0.01434	0.00069
8.521	0.369	3.67		-0.3303		307.5	0.0167	0.00075
8.521	0.369	3.67		-0.3303		322.5	0.01846	0.00091
8.521	0.369	3.67		-0.3303		337.5	0.02024	0.0012
8.521	0.369	3.67		-0.3303		352.5	0.02407	0.0016
8.521	0.37	3.68		-0.3925		7.5	0.02249	0.0029
8.521	0.37	3.68		-0.3925		22.5	0.01557	0.0019
8.521	0.37	3.68		-0.3925		37.5	0.01178	0.0011
8.521	0.37	3.68		-0.3925		52.5	0.01153	0.00079
8.521	0.37	3.68		-0.3925		67.5	0.01058	0.00067
8.521	0.37	3.68		-0.3925		82.5	0.007921	0.00055
8.521	0.37	3.68		-0.3925		97.5	0.00719	0.00051
8.521	0.37	3.68		-0.3925		112.5	0.005998	0.00045
8.521	0.37	3.68		-0.3925		127.5	0.00568	0.00042
8.521	0.37	3.68		-0.3925		142.5	0.004816	0.00039
8.521	0.37	3.68		-0.3925		157.5	0.005219	0.00041
8.521	0.37	3.68		-0.3925		172.5	0.005429	0.00043
8.521	0.37	3.68		-0.3925		187.5	0.005219	0.00042
8.521	0.37	3.68		-0.3925		202.5	0.005402	0.00042
8.521	0.37	3.68		-0.3925		217.5	0.006243	0.00046
8.521	0.37	3.68		-0.3925		232.5	0.005773	0.00044
8.521	0.37	3.68		-0.3925		247.5	0.006056	0.00048
8.521	0.37	3.68		-0.3925		262.5	0.008227	0.00053
8.521	0.37	3.68		-0.3925		277.5	0.007933	0.00055
8.521	0.37	3.68		-0.3925		292.5	0.01138	0.00067
8.521	0.37	3.68		-0.3925		307.5	0.01269	0.00076
8.521	0.37	3.68		-0.3925		322.5	0.01336	0.0011
8.521	0.37	3.68		-0.3925		337.5	0.02103	0.002
8.521	0.37	3.68		-0.3925		352.5	0.02372	0.003
8.521	0.37	3.68		-0.4805		7.5	0.02255	0.0076
8.521	0.37	3.68		-0.4805		22.5	0.01037	0.003
8.521	0.37	3.68		-0.4805		37.5	0.009176	0.0013
8.521	0.37	3.68		-0.4805		52.5	0.009201	0.00072
8.521	0.37	3.68		-0.4805		67.5	0.007973	0.00053
8.521	0.37	3.68		-0.4805		82.5	0.006426	0.00044
8.521	0.37	3.68		-0.4805		97.5	0.00535	0.00038
8.521	0.37	3.68		-0.4805		112.5	0.004733	0.00033
8.521	0.37	3.68		-0.4805		127.5	0.00404	0.00027
8.521	0.37	3.68		-0.4805		142.5	0.004271	0.00028
8.521	0.37	3.68		-0.4805		157.5	0.003967	0.00029
8.521	0.37	3.68		-0.4805		172.5	0.003794	0.00028
8.521	0.37	3.68		-0.4805		187.5	0.004323	0.0003
8.521	0.37	3.68		-0.4805		202.5	0.004443	0.00029
8.521	0.37	3.68		-0.4805		217.5	0.004371	0.00029
8.521	0.37	3.68		-0.4805		232.5	0.004513	0.00029
8.521	0.37	3.68		-0.4805		247.5	0.005151	0.00033
8.521	0.37	3.68		-0.4805		262.5	0.006193	0.00038
8.521	0.37	3.68		-0.4805		277.5	0.006232	0.0004
8.521	0.37	3.68		-0.4805		292.5	0.008413	0.00051
8.521	0.37	3.68		-0.4805		307.5	0.009464	0.00067
8.521	0.37	3.68		-0.4805		322.5	0.01176	0.0012
8.521	0.37	3.68		-0.4805		337.5	0.01031	0.0029
8.521	0.37	3.68		-0.4805		352.5	0.01412	0.0075
10.591	0.369	4.53		-0.2094		7.5	0.01394	0.00058
10.591	0.369	4.53		-0.2094		22.5	0.01292	0.00056
10.591	0.369	4.53		-0.2094		37.5	0.01305	0.00056
10.591	0.369	4.53		-0.2094		52.5	0.01216	0.00054
10.591	0.369	4.53		-0.2094		67.5	0.01147	0.00052
10.591	0.369	4.53		-0.2094		82.5	0.01128	0.00051
10.591	0.369	4.53		-0.2094		97.5	0.00875	0.00046
10.591	0.369	4.53		-0.2094		112.5	0.009145	0.00046
10.591	0.369	4.53		-0.2094		127.5	0.009035	0.00045
10.591	0.369	4.53		-0.2094		142.5	0.008383	0.00044
10.591	0.369	4.53		-0.2094		157.5	0.008281	0.00044
10.591	0.369	4.53		-0.2094		172.5	0.00798	0.00043
10.591	0.369	4.53		-0.2094		187.5	0.007743	0.00043
10.591	0.369	4.53		-0.2094		202.5	0.008409	0.00045
10.591	0.369	4.53		-0.2094		217.5	0.00853	0.00045
10.591	0.369	4.53		-0.2094		232.5	0.009909	0.00049
10.591	0.369	4.53		-0.2094		247.5	0.009694	0.00049
10.591	0.369	4.53		-0.2094		262.5	0.01021	0.00049
10.591	0.369	4.53		-0.2094		277.5	0.01093	0.00051
10.591	0.369	4.53		-0.2094		292.5	0.01223	0.00054
10.591	0.369	4.53		-0.2094		307.5	0.01236	0.00054
10.591	0.369	4.53		-0.2094		322.5	0.01382	0.00057
10.591	0.369	4.53		-0.2094		337.5	0.01543	0.00061
10.591	0.369	4.53		-0.2094		352.5	0.01376	0.00058
10.591	0.37	4.55		-0.2719		7.5	0.01389	0.00073
10.591	0.37	4.55		-0.2719		22.5	0.01177	0.00065
10.591	0.37	4.55		-0.2719		37.5	0.009537	0.00054
10.591	0.37	4.55		-0.2719		52.5	0.008787	0.00048
10.591	0.37	4.55		-0.2719		67.5	0.008767	0.00047
10.591	0.37	4.55		-0.2719		82.5	0.007836	0.00044
10.591	0.37	4.55		-0.2719		97.5	0.007402	0.00043
10.591	0.37	4.55		-0.2719		112.5	0.00655	0.0004
10.591	0.37	4.55		-0.2719		127.5	0.006832	0.0004
10.591	0.37	4.55		-0.2719		142.5	0.006091	0.00037
10.591	0.37	4.55		-0.2719		157.5	0.006045	0.00037
10.591	0.37	4.55		-0.2719		172.5	0.005298	0.00034
10.591	0.37	4.55		-0.2719		187.5	0.005946	0.00037
10.591	0.37	4.55		-0.2719		202.5	0.005076	0.00035
10.591	0.37	4.55		-0.2719		217.5	0.007077	0.00041
10.591	0.37	4.55		-0.2719		232.5	0.006155	0.0004
10.591	0.37	4.55		-0.2719		247.5	0.006243	0.0004
10.591	0.37	4.55		-0.2719		262.5	0.00709	0.00042
10.591	0.37	4.55		-0.2719		277.5	0.008125	0.00045
10.591	0.37	4.55		-0.2719		292.5	0.01028	0.00049
10.591	0.37	4.55		-0.2719		307.5	0.01114	0.00052
10.591	0.37	4.55		-0.2719		322.5	0.01281	0.0006
10.591	0.37	4.55		-0.2719		337.5	0.01276	0.00064
10.591	0.37	4.55		-0.2719		352.5	0.01299	0.0007
10.591	0.372	4.57		-0.3356		7.5	0.0105	0.001
10.591	0.372	4.57		-0.3356		22.5	0.009512	0.00082
10.591	0.372	4.57		-0.3356		37.5	0.008077	0.00062
10.591	0.372	4.57		-0.3356		52.5	0.007483	0.00051
10.591	0.372	4.57		-0.3356		67.5	0.007077	0.00045
10.591	0.372	4.57		-0.3356		82.5	0.006184	0.00041
10.591	0.372	4.57		-0.3356		97.5	0.005065	0.00037
10.591	0.372	4.57		-0.3356		112.5	0.004502	0.00033
10.591	0.372	4.57		-0.3356		127.5	0.004649	0.00032
10.591	0.372	4.57		-0.3356		142.5	0.004493	0.00031
10.591	0.372	4.57		-0.3356		157.5	0.003619	0.00029
10.591	0.372	4.57		-0.3356		172.5	0.003857	0.00029
10.591	0.372	4.57		-0.3356		187.5	0.003424	0.00027
10.591	0.372	4.57		-0.3356		202.5	0.003921	0.00031
10.591	0.372	4.57		-0.3356		217.5	0.004428	0.00033
10.591	0.372	4.57		-0.3356		232.5	0.004981	0.00034
10.591	0.372	4.57		-0.3356		247.5	0.005783	0.00038
10.591	0.372	4.57		-0.3356		262.5	0.005747	0.00038
10.591	0.372	4.57		-0.3356		277.5	0.006263	0.0004
10.591	0.372	4.57		-0.3356		292.5	0.007646	0.00046
10.591	0.372	4.57		-0.3356		307.5	0.009483	0.00052
10.591	0.372	4.57		-0.3356		322.5	0.009469	0.00064
10.591	0.372	4.57		-0.3356		337.5	0.01134	0.00084
10.591	0.372	4.57		-0.3356		352.5	0.01109	0.001
10.591	0.373	4.58		-0.3988		7.5	0.009371	0.0016
10.591	0.373	4.58		-0.3988		22.5	0.008437	0.0012
10.591	0.373	4.58		-0.3988		37.5	0.006975	0.00079
10.591	0.373	4.58		-0.3988		52.5	0.007012	0.00058
10.591	0.373	4.58		-0.3988		67.5	0.005358	0.00047
10.591	0.373	4.58		-0.3988		82.5	0.005552	0.00044
10.591	0.373	4.58		-0.3988		97.5	0.004376	0.00037
10.591	0.373	4.58		-0.3988		112.5	0.003899	0.00034
10.591	0.373	4.58		-0.3988		127.5	0.003412	0.0003
10.591	0.373	4.58		-0.3988		142.5	0.003404	0.00029
10.591	0.373	4.58		-0.3988		157.5	0.003016	0.00027
10.591	0.373	4.58		-0.3988		172.5	0.002956	0.00027
10.591	0.373	4.58		-0.3988		187.5	0.003348	0.00029
10.591	0.373	4.58		-0.3988		202.5	0.002851	0.00027
10.591	0.373	4.58		-0.3988		217.5	0.00294	0.00029
10.591	0.373	4.58		-0.3988		232.5	0.003603	0.00032
10.591	0.373	4.58		-0.3988		247.5	0.004179	0.00035
10.591	0.373	4.58		-0.3988		262.5	0.004717	0.00038
10.591	0.373	4.58		-0.3988		277.5	0.005601	0.00043
10.591	0.373	4.58		-0.3988		292.5	0.006751	0.00049
10.591	0.373	4.58		-0.3988		307.5	0.00784	0.00058
10.591	0.373	4.58		-0.3988		322.5	0.008971	0.00081
10.591	0.373	4.58		-0.3988		337.5	0.00939	0.0012
10.591	0.373	4.58		-0.3988		352.5	0.01118	0.0017
10.591	0.371	4.57		-0.4834		7.5	0.01178	0.0035
10.591	0.371	4.57		-0.4834		22.5	0.005897	0.0017
10.591	0.371	4.57		-0.4834		37.5	0.005605	0.00091
10.591	0.371	4.57		-0.4834		52.5	0.004847	0.00054
10.591	0.371	4.57		-0.4834		67.5	0.004156	0.00039
10.591	0.371	4.57		-0.4834		82.5	0.003389	0.00031
10.591	0.371	4.57		-0.4834		97.5	0.002945	0.00028
10.591	0.371	4.57		-0.4834		112.5	0.002871	0.00024
10.591	0.371	4.57		-0.4834		127.5	0.002335	0.0002
10.591	0.371	4.57		-0.4834		142.5	0.002666	0.0002
10.591	0.371	4.57		-0.4834		157.5	0.00215	0.00019
10.591	0.371	4.57		-0.4834		172.5	0.002492	0.00021
10.591	0.371	4.57		-0.4834		187.5	0.002404	0.0002
10.591	0.371	4.57		-0.4834		202.5	0.002114	0.00019
10.591	0.371	4.57		-0.4834		217.5	0.00248	0.0002
10.591	0.371	4.57		-0.4834		232.5	0.002597	0.00021
10.591	0.371	4.57		-0.4834		247.5	0.003176	0.00025
10.591	0.371	4.57		-0.4834		262.5	0.003481	0.00028
10.591	0.371	4.57		-0.4834		277.5	0.003734	0.00032
10.591	0.371	4.57		-0.4834		292.5	0.004829	0.00039
10.591	0.371	4.57		-0.4834		307.5	0.00534	0.00051
10.591	0.371	4.57		-0.4834		322.5	0.007007	0.00087
10.591	0.371	4.57		-0.4834		337.5	0.01096	0.0019
10.591	0.371	4.57		-0.4834		352.5	0.01276	0.0032
4.487	0.483	2.71		-0.3481		7.5	0.02739	0.0027
4.487	0.483	2.71		-0.3481		22.5	0.02869	0.0026
4.487	0.483	2.71		-0.3481		37.5	0.02329	0.0024
4.487	0.483	2.71		-0.3481		52.5	0.0276	0.0024
4.487	0.483	2.71		-0.3481		67.5	0.024	0.0023
4.487	0.483	2.71		-0.3481		82.5	0.02303	0.0022
4.487	0.483	2.71		-0.3481		97.5	0.0184	0.002
4.487	0.483	2.71		-0.3481		112.5	0.02238	0.0021
4.487	0.483	2.71		-0.3481		127.5	0.02393	0.0021
4.487	0.483	2.71		-0.3481		142.5	0.02085	0.0021
4.487	0.483	2.71		-0.3481		157.5	0.02082	0.002
4.487	0.483	2.71		-0.3481		172.5	0.02231	0.0021
4.487	0.483	2.71		-0.3481		187.5	0.02313	0.0021
4.487	0.483	2.71		-0.3481		202.5	0.02221	0.0021
4.487	0.483	2.71		-0.3481		217.5	0.01868	0.002
4.487	0.483	2.71		-0.3481		232.5	0.01966	0.002
4.487	0.483	2.71		-0.3481		247.5	0.02016	0.0021
4.487	0.483	2.71		-0.3481		262.5	0.02335	0.0022
4.487	0.483	2.71		-0.3481		277.5	0.02211	0.0022
4.487	0.483	2.71		-0.3481		292.5	0.02401	0.0024
4.487	0.483	2.71		-0.3481		307.5	0.02835	0.0025
4.487	0.483	2.71		-0.3481		322.5	0.02754	0.0026
4.487	0.483	2.71		-0.3481		337.5	0.02854	0.0027
4.487	0.483	2.71		-0.3481		352.5	0.02629	0.0027
4.487	0.483	2.71		-0.3906		7.5	0.02549	0.0035
4.487	0.483	2.71		-0.3906		22.5	0.0275	0.0032
4.487	0.483	2.71		-0.3906		37.5	0.0257	0.0028
4.487	0.483	2.71		-0.3906		52.5	0.02224	0.0025
4.487	0.483	2.71		-0.3906		67.5	0.02092	0.0022
4.487	0.483	2.71		-0.3906		82.5	0.02043	0.0021
4.487	0.483	2.71		-0.3906		97.5	0.01553	0.002
4.487	0.483	2.71		-0.3906		112.5	0.01764	0.002
4.487	0.483	2.71		-0.3906		127.5	0.01629	0.0018
4.487	0.483	2.71		-0.3906		142.5	0.01423	0.0017
4.487	0.483	2.71		-0.3906		157.5	0.0143	0.0018
4.487	0.483	2.71		-0.3906		172.5	0.01194	0.0017
4.487	0.483	2.71		-0.3906		187.5	0.01639	0.0018
4.487	0.483	2.71		-0.3906		202.5	0.01862	0.0019
4.487	0.483	2.71		-0.3906		217.5	0.01804	0.0019
4.487	0.483	2.71		-0.3906		232.5	0.01375	0.0019
4.487	0.483	2.71		-0.3906		247.5	0.0154	0.002
4.487	0.483	2.71		-0.3906		262.5	0.02347	0.0022
4.487	0.483	2.71		-0.3906		277.5	0.02409	0.0024
4.487	0.483	2.71		-0.3906		292.5	0.0208	0.0024
4.487	0.483	2.71		-0.3906		307.5	0.02711	0.0026
4.487	0.483	2.71		-0.3906		322.5	0.02834	0.0029
4.487	0.483	2.71		-0.3906		337.5	0.0248	0.0031
4.487	0.483	2.71		-0.3906		352.5	0.02869	0.0034
4.487	0.484	2.71		-0.4350		7.5	0.03079	0.0063
4.487	0.484	2.71		-0.4350		22.5	0.03101	0.0047
4.487	0.484	2.71		-0.4350		37.5	0.0236	0.0034
4.487	0.484	2.71		-0.4350		52.5	0.02093	0.0026
4.487	0.484	2.71		-0.4350		67.5	0.02138	0.0023
4.487	0.484	2.71		-0.4350		82.5	0.01827	0.0021
4.487	0.484	2.71		-0.4350		97.5	0.0122	0.002
4.487	0.484	2.71		-0.4350		112.5	0.01726	0.0019
4.487	0.484	2.71		-0.4350		127.5	0.01321	0.0017
4.487	0.484	2.71		-0.4350		142.5	0.0119	0.0017
4.487	0.484	2.71		-0.4350		157.5	0.01558	0.002
4.487	0.484	2.71		-0.4350		172.5	0.01149	0.0019
4.487	0.484	2.71		-0.4350		187.5	0.01407	0.002
4.487	0.484	2.71		-0.4350		202.5	0.01506	0.002
4.487	0.484	2.71		-0.4350		217.5	0.01409	0.0019
4.487	0.484	2.71		-0.4350		232.5	0.01805	0.002
4.487	0.484	2.71		-0.4350		247.5	0.01567	0.0021
4.487	0.484	2.71		-0.4350		262.5	0.01838	0.0022
4.487	0.484	2.71		-0.4350		277.5	0.01734	0.0023
4.487	0.484	2.71		-0.4350		292.5	0.0239	0.0027
4.487	0.484	2.71		-0.4350		307.5	0.01972	0.0029
4.487	0.484	2.71		-0.4350		322.5	0.02542	0.0036
4.487	0.484	2.71		-0.4350		337.5	0.02301	0.0047
4.487	0.484	2.71		-0.4350		352.5	0.03108	0.0057
4.487	0.485	2.71		-0.4797		7.5	0.007584	0.017
4.487	0.485	2.71		-0.4797		22.5	0.04246	0.0097
4.487	0.485	2.71		-0.4797		37.5	0.01271	0.0043
4.487	0.485	2.71		-0.4797		52.5	0.01936	0.0029
4.487	0.485	2.71		-0.4797		67.5	0.01545	0.0024
4.487	0.485	2.71		-0.4797		82.5	0.01916	0.0022
4.487	0.485	2.71		-0.4797		97.5	0.01501	0.002
4.487	0.485	2.71		-0.4797		112.5	0.0106	0.0018
4.487	0.485	2.71		-0.4797		127.5	0.01012	0.0017
4.487	0.485	2.71		-0.4797		142.5	0.0115	0.0017
4.487	0.485	2.71		-0.4797		157.5	0.01394	0.002
4.487	0.485	2.71		-0.4797		172.5	0.01379	0.0022
4.487	0.485	2.71		-0.4797		187.5	0.01621	0.0024
4.487	0.485	2.71		-0.4797		202.5	0.01269	0.0021
4.487	0.485	2.71		-0.4797		217.5	0.0113	0.0019
4.487	0.485	2.71		-0.4797		232.5	0.01357	0.0019
4.487	0.485	2.71		-0.4797		247.5	0.01555	0.0021
4.487	0.485	2.71		-0.4797		262.5	0.01672	0.0021
4.487	0.485	2.71		-0.4797		277.5	0.01827	0.0022
4.487	0.485	2.71		-0.4797		292.5	0.01841	0.0026
4.487	0.485	2.71		-0.4797		307.5	0.01835	0.0031
4.487	0.485	2.71		-0.4797		322.5	0.02408	0.0049
4.487	0.485	2.71		-0.4797		337.5	0.02057	0.01
4.487	0.485	2.71		-0.4797		352.5	0.05082	0.02
4.487	0.485	2.72		-0.5399		7.5	0.2031	0.13
4.487	0.485	2.72		-0.5399		22.5	0.03541	0.03
4.487	0.485	2.72		-0.5399		37.5	0.02175	0.0068
4.487	0.485	2.72		-0.5399		52.5	0.01315	0.0027
4.487	0.485	2.72		-0.5399		67.5	0.01207	0.002
4.487	0.485	2.72		-0.5399		82.5	0.01359	0.0017
4.487	0.485	2.72		-0.5399		97.5	0.01408	0.0017
4.487	0.485	2.72		-0.5399		112.5	0.01368	0.0014
4.487	0.485	2.72		-0.5399		127.5	0.007572	0.0012
4.487	0.485	2.72		-0.5399		142.5	0.009899	0.0014
4.487	0.485	2.72		-0.5399		157.5	0.01279	0.0016
4.487	0.485	2.72		-0.5399		172.5	0.01844	0.0022
4.487	0.485	2.72		-0.5399		187.5	0.02063	0.0022
4.487	0.485	2.72		-0.5399		202.5	0.01447	0.0018
4.487	0.485	2.72		-0.5399		217.5	0.01027	0.0015
4.487	0.485	2.72		-0.5399		232.5	0.0134	0.0016
4.487	0.485	2.72		-0.5399		247.5	0.01227	0.0015
4.487	0.485	2.72		-0.5399		262.5	0.01045	0.0014
4.487	0.485	2.72		-0.5399		277.5	0.01724	0.0017
4.487	0.485	2.72		-0.5399		292.5	0.01914	0.0021
4.487	0.485	2.72		-0.5399		307.5	0.01661	0.0034
4.487	0.485	2.72		-0.5399		322.5	0.008065	0.0072
4.487	0.485	2.72		-0.5399		337.5	-0.02318	0.038
4.487	0.485	2.72		-0.5399		352.5	-0.09057	0.091
8.851	0.497	4.5		-0.4098		7.5	0.003385	0.00022
8.851	0.497	4.5		-0.4098		22.5	0.003569	0.00023
8.851	0.497	4.5		-0.4098		37.5	0.003277	0.00021
8.851	0.497	4.5		-0.4098		52.5	0.003432	0.00021
8.851	0.497	4.5		-0.4098		67.5	0.003261	0.0002
8.851	0.497	4.5		-0.4098		82.5	0.003463	0.0002
8.851	0.497	4.5		-0.4098		97.5	0.003016	0.0002
8.851	0.497	4.5		-0.4098		112.5	0.003019	0.00019
8.851	0.497	4.5		-0.4098		127.5	0.003074	0.00019
8.851	0.497	4.5		-0.4098		142.5	0.002905	0.00019
8.851	0.497	4.5		-0.4098		157.5	0.002794	0.00019
8.851	0.497	4.5		-0.4098		172.5	0.002616	0.00018
8.851	0.497	4.5		-0.4098		187.5	0.00292	0.00019
8.851	0.497	4.5		-0.4098		202.5	0.003145	0.0002
8.851	0.497	4.5		-0.4098		217.5	0.002593	0.00019
8.851	0.497	4.5		-0.4098		232.5	0.002531	0.00018
8.851	0.497	4.5		-0.4098		247.5	0.002996	0.0002
8.851	0.497	4.5		-0.4098		262.5	0.003412	0.00021
8.851	0.497	4.5		-0.4098		277.5	0.003266	0.0002
8.851	0.497	4.5		-0.4098		292.5	0.003704	0.00021
8.851	0.497	4.5		-0.4098		307.5	0.002956	0.00019
8.851	0.497	4.5		-0.4098		322.5	0.00329	0.0002
8.851	0.497	4.5		-0.4098		337.5	0.003354	0.00022
8.851	0.497	4.5		-0.4098		352.5	0.003541	0.00022
8.851	0.501	4.53		-0.4796		7.5	0.002366	0.00029
8.851	0.501	4.53		-0.4796		22.5	0.002609	0.00027
8.851	0.501	4.53		-0.4796		37.5	0.003072	0.00025
8.851	0.501	4.53		-0.4796		52.5	0.002705	0.00021
8.851	0.501	4.53		-0.4796		67.5	0.002389	0.00018
8.851	0.501	4.53		-0.4796		82.5	0.002296	0.00017
8.851	0.501	4.53		-0.4796		97.5	0.002237	0.00017
8.851	0.501	4.53		-0.4796		112.5	0.002296	0.00017
8.851	0.501	4.53		-0.4796		127.5	0.001945	0.00016
8.851	0.501	4.53		-0.4796		142.5	0.002149	0.00016
8.851	0.501	4.53		-0.4796		157.5	0.001939	0.00016
8.851	0.501	4.53		-0.4796		172.5	0.001896	0.00016
8.851	0.501	4.53		-0.4796		187.5	0.002079	0.00018
8.851	0.501	4.53		-0.4796		202.5	0.0025	0.00019
8.851	0.501	4.53		-0.4796		217.5	0.002287	0.00019
8.851	0.501	4.53		-0.4796		232.5	0.002485	0.00018
8.851	0.501	4.53		-0.4796		247.5	0.002332	0.00018
8.851	0.501	4.53		-0.4796		262.5	0.00284	0.00019
8.851	0.501	4.53		-0.4796		277.5	0.002916	0.00019
8.851	0.501	4.53		-0.4796		292.5	0.003033	0.0002
8.851	0.501	4.53		-0.4796		307.5	0.002497	0.0002
8.851	0.501	4.53		-0.4796		322.5	0.002965	0.00024
8.851	0.501	4.53		-0.4796		337.5	0.002917	0.00028
8.851	0.501	4.53		-0.4796		352.5	0.002738	0.0003
8.851	0.504	4.56		-0.5475		7.5	0.00224	0.00043
8.851	0.504	4.56		-0.5475		22.5	0.002872	0.0004
8.851	0.504	4.56		-0.5475		37.5	0.001885	0.00028
8.851	0.504	4.56		-0.5475		52.5	0.001781	0.00021
8.851	0.504	4.56		-0.5475		67.5	0.001842	0.00018
8.851	0.504	4.56		-0.5475		82.5	0.001999	0.00017
8.851	0.504	4.56		-0.5475		97.5	0.001665	0.00016
8.851	0.504	4.56		-0.5475		112.5	0.001871	0.00016
8.851	0.504	4.56		-0.5475		127.5	0.001768	0.00016
8.851	0.504	4.56		-0.5475		142.5	0.001595	0.00015
8.851	0.504	4.56		-0.5475		157.5	0.001872	0.00016
8.851	0.504	4.56		-0.5475		172.5	0.001853	0.00017
8.851	0.504	4.56		-0.5475		187.5	0.002141	0.00018
8.851	0.504	4.56		-0.5475		202.5	0.001981	0.00019
8.851	0.504	4.56		-0.5475		217.5	0.001956	0.00019
8.851	0.504	4.56		-0.5475		232.5	0.001971	0.00018
8.851	0.504	4.56		-0.5475		247.5	0.002049	0.00018
8.851	0.504	4.56		-0.5475		262.5	0.002132	0.00018
8.851	0.504	4.56		-0.5475		277.5	0.002277	0.00018
8.851	0.504	4.56		-0.5475		292.5	0.002424	0.00019
8.851	0.504	4.56		-0.5475		307.5	0.002437	0.00022
8.851	0.504	4.56		-0.5475		322.5	0.002324	0.00029
8.851	0.504	4.56		-0.5475		337.5	0.002191	0.00037
8.851	0.504	4.56		-0.5475		352.5	0.002342	0.00044
8.851	0.506	4.57		-0.6138		7.5	0.001786	0.00059
8.851	0.506	4.57		-0.6138		22.5	0.002561	0.00053
8.851	0.506	4.57		-0.6138		37.5	0.00221	0.00035
8.851	0.506	4.57		-0.6138		52.5	0.002148	0.00027
8.851	0.506	4.57		-0.6138		67.5	0.001516	0.00019
8.851	0.506	4.57		-0.6138		82.5	0.001396	0.00017
8.851	0.506	4.57		-0.6138		97.5	0.001271	0.00016
8.851	0.506	4.57		-0.6138		112.5	0.001651	0.00016
8.851	0.506	4.57		-0.6138		127.5	0.001285	0.00015
8.851	0.506	4.57		-0.6138		142.5	0.001859	0.00017
8.851	0.506	4.57		-0.6138		157.5	0.001613	0.00016
8.851	0.506	4.57		-0.6138		172.5	0.001812	0.00017
8.851	0.506	4.57		-0.6138		187.5	0.00223	0.00019
8.851	0.506	4.57		-0.6138		202.5	0.002116	0.00019
8.851	0.506	4.57		-0.6138		217.5	0.002059	0.0002
8.851	0.506	4.57		-0.6138		232.5	0.00208	0.00019
8.851	0.506	4.57		-0.6138		247.5	0.002229	0.00019
8.851	0.506	4.57		-0.6138		262.5	0.002177	0.00019
8.851	0.506	4.57		-0.6138		277.5	0.001892	0.00018
8.851	0.506	4.57		-0.6138		292.5	0.001913	0.0002
8.851	0.506	4.57		-0.6138		307.5	0.002	0.00025
8.851	0.506	4.57		-0.6138		322.5	0.001743	0.00034
8.851	0.506	4.57		-0.6138		337.5	0.001833	0.00047
8.851	0.506	4.57		-0.6138		352.5	0.001309	0.00059
8.851	0.508	4.59		-0.7073		7.5	0.001919	0.00084
8.851	0.508	4.59		-0.7073		22.5	0.001893	0.00063
8.851	0.508	4.59		-0.7073		37.5	0.0007491	0.00035
8.851	0.508	4.59		-0.7073		52.5	0.001059	0.00021
8.851	0.508	4.59		-0.7073		67.5	0.001025	0.00016
8.851	0.508	4.59		-0.7073		82.5	0.001259	0.00014
8.851	0.508	4.59		-0.7073		97.5	0.001253	0.00013
8.851	0.508	4.59		-0.7073		112.5	0.001363	0.00011
8.851	0.508	4.59		-0.7073		127.5	0.001267	0.00011
8.851	0.508	4.59		-0.7073		142.5	0.001343	0.00011
8.851	0.508	4.59		-0.7073		157.5	0.001674	0.00013
8.851	0.508	4.59		-0.7073		172.5	0.001542	0.00013
8.851	0.508	4.59		-0.7073		187.5	0.001461	0.00013
8.851	0.508	4.59		-0.7073		202.5	0.001942	0.00014
8.851	0.508	4.59		-0.7073		217.5	0.001856	0.00014
8.851	0.508	4.59		-0.7073		232.5	0.001712	0.00013
8.851	0.508	4.59		-0.7073		247.5	0.001615	0.00013
8.851	0.508	4.59		-0.7073		262.5	0.001478	0.00013
8.851	0.508	4.59		-0.7073		277.5	0.001782	0.00015
8.851	0.508	4.59		-0.7073		292.5	0.001459	0.00017
8.851	0.508	4.59		-0.7073		307.5	0.001795	0.00024
8.851	0.508	4.59		-0.7073		322.5	0.002281	0.00036
8.851	0.508	4.59		-0.7073		337.5	0.002086	0.00059
8.851	0.508	4.59		-0.7073		352.5	0.001671	0.00069
8.847	0.482	5.33		-0.3854		7.5	0.004232	0.00029
8.847	0.482	5.33		-0.3854		22.5	0.003978	0.00029
8.847	0.482	5.33		-0.3854		37.5	0.003659	0.00026
8.847	0.482	5.33		-0.3854		52.5	0.004097	0.00028
8.847	0.482	5.33		-0.3854		67.5	0.00309	0.00025
8.847	0.482	5.33		-0.3854		82.5	0.003354	0.00025
8.847	0.482	5.33		-0.3854		97.5	0.002878	0.00024
8.847	0.482	5.33		-0.3854		112.5	0.003128	0.00024
8.847	0.482	5.33		-0.3854		127.5	0.002931	0.00022
8.847	0.482	5.33		-0.3854		142.5	0.002708	0.00022
8.847	0.482	5.33		-0.3854		157.5	0.002679	0.00022
8.847	0.482	5.33		-0.3854		172.5	0.002436	0.00022
8.847	0.482	5.33		-0.3854		187.5	0.002593	0.00022
8.847	0.482	5.33		-0.3854		202.5	0.002729	0.00022
8.847	0.482	5.33		-0.3854		217.5	0.00263	0.00021
8.847	0.482	5.33		-0.3854		232.5	0.002922	0.00023
8.847	0.482	5.33		-0.3854		247.5	0.002918	0.00023
8.847	0.482	5.33		-0.3854		262.5	0.003768	0.00026
8.847	0.482	5.33		-0.3854		277.5	0.003619	0.00027
8.847	0.482	5.33		-0.3854		292.5	0.003674	0.00026
8.847	0.482	5.33		-0.3854		307.5	0.00365	0.00026
8.847	0.482	5.33		-0.3854		322.5	0.00427	0.00029
8.847	0.482	5.33		-0.3854		337.5	0.004186	0.00028
8.847	0.482	5.33		-0.3854		352.5	0.004237	0.00029
8.847	0.483	5.34		-0.4456		7.5	0.004474	0.00037
8.847	0.483	5.34		-0.4456		22.5	0.003937	0.00033
8.847	0.483	5.34		-0.4456		37.5	0.003541	0.00029
8.847	0.483	5.34		-0.4456		52.5	0.002998	0.00024
8.847	0.483	5.34		-0.4456		67.5	0.002758	0.00023
8.847	0.483	5.34		-0.4456		82.5	0.002478	0.00023
8.847	0.483	5.34		-0.4456		97.5	0.002361	0.00021
8.847	0.483	5.34		-0.4456		112.5	0.001956	0.00019
8.847	0.483	5.34		-0.4456		127.5	0.001864	0.00018
8.847	0.483	5.34		-0.4456		142.5	0.001973	0.00019
8.847	0.483	5.34		-0.4456		157.5	0.001812	0.00018
8.847	0.483	5.34		-0.4456		172.5	0.002181	0.0002
8.847	0.483	5.34		-0.4456		187.5	0.002052	0.00019
8.847	0.483	5.34		-0.4456		202.5	0.002213	0.0002
8.847	0.483	5.34		-0.4456		217.5	0.001861	0.00019
8.847	0.483	5.34		-0.4456		232.5	0.002308	0.00022
8.847	0.483	5.34		-0.4456		247.5	0.002611	0.00022
8.847	0.483	5.34		-0.4456		262.5	0.002565	0.00022
8.847	0.483	5.34		-0.4456		277.5	0.002629	0.00024
8.847	0.483	5.34		-0.4456		292.5	0.003294	0.00025
8.847	0.483	5.34		-0.4456		307.5	0.003415	0.00027
8.847	0.483	5.34		-0.4456		322.5	0.003751	0.00029
8.847	0.483	5.34		-0.4456		337.5	0.004001	0.00033
8.847	0.483	5.34		-0.4456		352.5	0.004126	0.00036
8.847	0.485	5.36		-0.5085		7.5	0.003764	0.00057
8.847	0.485	5.36		-0.5085		22.5	0.002905	0.00044
8.847	0.485	5.36		-0.5085		37.5	0.00303	0.00032
8.847	0.485	5.36		-0.5085		52.5	0.002636	0.00025
8.847	0.485	5.36		-0.5085		67.5	0.002435	0.00023
8.847	0.485	5.36		-0.5085		82.5	0.001861	0.0002
8.847	0.485	5.36		-0.5085		97.5	0.002155	0.00021
8.847	0.485	5.36		-0.5085		112.5	0.001892	0.00019
8.847	0.485	5.36		-0.5085		127.5	0.001418	0.00017
8.847	0.485	5.36		-0.5085		142.5	0.001538	0.00017
8.847	0.485	5.36		-0.5085		157.5	0.001775	0.00018
8.847	0.485	5.36		-0.5085		172.5	0.001635	0.00018
8.847	0.485	5.36		-0.5085		187.5	0.001754	0.00019
8.847	0.485	5.36		-0.5085		202.5	0.001802	0.00019
8.847	0.485	5.36		-0.5085		217.5	0.001509	0.00019
8.847	0.485	5.36		-0.5085		232.5	0.001866	0.00021
8.847	0.485	5.36		-0.5085		247.5	0.001803	0.0002
8.847	0.485	5.36		-0.5085		262.5	0.002367	0.00022
8.847	0.485	5.36		-0.5085		277.5	0.002511	0.00024
8.847	0.485	5.36		-0.5085		292.5	0.002923	0.00025
8.847	0.485	5.36		-0.5085		307.5	0.002958	0.00027
8.847	0.485	5.36		-0.5085		322.5	0.003312	0.00036
8.847	0.485	5.36		-0.5085		337.5	0.003285	0.00044
8.847	0.485	5.36		-0.5085		352.5	0.003765	0.00058
8.847	0.486	5.37		-0.5696		7.5	0.003353	0.0011
8.847	0.486	5.37		-0.5696		22.5	0.002055	0.00062
8.847	0.486	5.37		-0.5696		37.5	0.002696	0.00043
8.847	0.486	5.37		-0.5696		52.5	0.002469	0.00029
8.847	0.486	5.37		-0.5696		67.5	0.002031	0.00023
8.847	0.486	5.37		-0.5696		82.5	0.001816	0.0002
8.847	0.486	5.37		-0.5696		97.5	0.001625	0.00019
8.847	0.486	5.37		-0.5696		112.5	0.001391	0.00018
8.847	0.486	5.37		-0.5696		127.5	0.001982	0.00019
8.847	0.486	5.37		-0.5696		142.5	0.001435	0.00017
8.847	0.486	5.37		-0.5696		157.5	0.001474	0.00017
8.847	0.486	5.37		-0.5696		172.5	0.001615	0.00019
8.847	0.486	5.37		-0.5696		187.5	0.001332	0.00018
8.847	0.486	5.37		-0.5696		202.5	0.001269	0.00018
8.847	0.486	5.37		-0.5696		217.5	0.001506	0.00018
8.847	0.486	5.37		-0.5696		232.5	0.001614	0.00019
8.847	0.486	5.37		-0.5696		247.5	0.001487	0.00019
8.847	0.486	5.37		-0.5696		262.5	0.001789	0.0002
8.847	0.486	5.37		-0.5696		277.5	0.00174	0.00021
8.847	0.486	5.37		-0.5696		292.5	0.002466	0.00025
8.847	0.486	5.37		-0.5696		307.5	0.002569	0.0003
8.847	0.486	5.37		-0.5696		322.5	0.002836	0.00046
8.847	0.486	5.37		-0.5696		337.5	0.003963	0.00081
8.847	0.486	5.37		-0.5696		352.5	0.002907	0.0012
8.847	0.486	5.38		-0.6547		7.5	0.003654	0.003
8.847	0.486	5.38		-0.6547		22.5	0.001366	0.0011
8.847	0.486	5.38		-0.6547		37.5	0.001197	0.00043
8.847	0.486	5.38		-0.6547		52.5	0.001557	0.00026
8.847	0.486	5.38		-0.6547		67.5	0.001476	0.00019
8.847	0.486	5.38		-0.6547		82.5	0.001624	0.00017
8.847	0.486	5.38		-0.6547		97.5	0.001173	0.00015
8.847	0.486	5.38		-0.6547		112.5	0.001134	0.00013
8.847	0.486	5.38		-0.6547		127.5	0.001077	0.00011
8.847	0.486	5.38		-0.6547		142.5	0.0009061	0.0001
8.847	0.486	5.38		-0.6547		157.5	0.001145	0.00012
8.847	0.486	5.38		-0.6547		172.5	0.001082	0.00013
8.847	0.486	5.38		-0.6547		187.5	0.001058	0.00012
8.847	0.486	5.38		-0.6547		202.5	0.001251	0.00012
8.847	0.486	5.38		-0.6547		217.5	0.0008608	0.00011
8.847	0.486	5.38		-0.6547		232.5	0.001163	0.00012
8.847	0.486	5.38		-0.6547		247.5	0.001456	0.00014
8.847	0.486	5.38		-0.6547		262.5	0.001498	0.00015
8.847	0.486	5.38		-0.6547		277.5	0.001843	0.00017
8.847	0.486	5.38		-0.6547		292.5	0.002311	0.00021
8.847	0.486	5.38		-0.6547		307.5	0.002103	0.00027
8.847	0.486	5.38		-0.6547		322.5	0.003705	0.00058
8.847	0.486	5.38		-0.6547		337.5	0.002055	0.0013
8.847	0.486	5.38		-0.6547		352.5	0.0008996	0.0017
10.992	0.494	7.04		-0.4325		7.5	0.001761	0.0001
10.992	0.494	7.04		-0.4325		22.5	0.001954	0.00011
10.992	0.494	7.04		-0.4325		37.5	0.001715	9.6E-05
10.992	0.494	7.04		-0.4325		52.5	0.001588	8.9E-05
10.992	0.494	7.04		-0.4325		67.5	0.001421	8.3E-05
10.992	0.494	7.04		-0.4325		82.5	0.001396	8.1E-05
10.992	0.494	7.04		-0.4325		97.5	0.001335	7.8E-05
10.992	0.494	7.04		-0.4325		112.5	0.00122	7.5E-05
10.992	0.494	7.04		-0.4325		127.5	0.001294	7.7E-05
10.992	0.494	7.04		-0.4325		142.5	0.001377	7.9E-05
10.992	0.494	7.04		-0.4325		157.5	0.001142	7.4E-05
10.992	0.494	7.04		-0.4325		172.5	0.001213	7.6E-05
10.992	0.494	7.04		-0.4325		187.5	0.001209	7.6E-05
10.992	0.494	7.04		-0.4325		202.5	0.001325	8E-05
10.992	0.494	7.04		-0.4325		217.5	0.001246	7.8E-05
10.992	0.494	7.04		-0.4325		232.5	0.001364	8.2E-05
10.992	0.494	7.04		-0.4325		247.5	0.001296	8.1E-05
10.992	0.494	7.04		-0.4325		262.5	0.001383	8.1E-05
10.992	0.494	7.04		-0.4325		277.5	0.00162	8.9E-05
10.992	0.494	7.04		-0.4325		292.5	0.001618	8.9E-05
10.992	0.494	7.04		-0.4325		307.5	0.00173	9.1E-05
10.992	0.494	7.04		-0.4325		322.5	0.00189	0.0001
10.992	0.494	7.04		-0.4325		337.5	0.001922	0.0001
10.992	0.494	7.04		-0.4325		352.5	0.002124	0.00011
10.992	0.498	7.09		-0.5256		7.5	0.001872	0.00019
10.992	0.498	7.09		-0.5256		22.5	0.001523	0.00015
10.992	0.498	7.09		-0.5256		37.5	0.001466	0.00012
10.992	0.498	7.09		-0.5256		52.5	0.00145	9.7E-05
10.992	0.498	7.09		-0.5256		67.5	0.001198	8E-05
10.992	0.498	7.09		-0.5256		82.5	0.001165	7.4E-05
10.992	0.498	7.09		-0.5256		97.5	0.0009835	6.7E-05
10.992	0.498	7.09		-0.5256		112.5	0.001022	6.8E-05
10.992	0.498	7.09		-0.5256		127.5	0.0009092	6.6E-05
10.992	0.498	7.09		-0.5256		142.5	0.0008895	6.6E-05
10.992	0.498	7.09		-0.5256		157.5	0.0007964	6.3E-05
10.992	0.498	7.09		-0.5256		172.5	0.0008311	6.3E-05
10.992	0.498	7.09		-0.5256		187.5	0.0008045	6.3E-05
10.992	0.498	7.09		-0.5256		202.5	0.0008564	6.6E-05
10.992	0.498	7.09		-0.5256		217.5	0.0009369	7.1E-05
10.992	0.498	7.09		-0.5256		232.5	0.0008811	6.8E-05
10.992	0.498	7.09		-0.5256		247.5	0.001074	7.4E-05
10.992	0.498	7.09		-0.5256		262.5	0.001035	7.5E-05
10.992	0.498	7.09		-0.5256		277.5	0.001173	7.8E-05
10.992	0.498	7.09		-0.5256		292.5	0.001203	8E-05
10.992	0.498	7.09		-0.5256		307.5	0.001528	9.8E-05
10.992	0.498	7.09		-0.5256		322.5	0.001588	0.00012
10.992	0.498	7.09		-0.5256		337.5	0.002043	0.00016
10.992	0.498	7.09		-0.5256		352.5	0.001886	0.00019
10.992	0.499	7.12		-0.6129		7.5	0.001938	0.00039
10.992	0.499	7.12		-0.6129		22.5	0.001337	0.00027
10.992	0.499	7.12		-0.6129		37.5	0.0009173	0.00016
10.992	0.499	7.12		-0.6129		52.5	0.001152	0.00011
10.992	0.499	7.12		-0.6129		67.5	0.0009085	7.5E-05
10.992	0.499	7.12		-0.6129		82.5	0.0008632	6.9E-05
10.992	0.499	7.12		-0.6129		97.5	0.0007326	6.2E-05
10.992	0.499	7.12		-0.6129		112.5	0.0006268	5.8E-05
10.992	0.499	7.12		-0.6129		127.5	0.0005797	5.4E-05
10.992	0.499	7.12		-0.6129		142.5	0.0006313	5.6E-05
10.992	0.499	7.12		-0.6129		157.5	0.0006046	5.6E-05
10.992	0.499	7.12		-0.6129		172.5	0.0006115	5.5E-05
10.992	0.499	7.12		-0.6129		187.5	0.000598	5.6E-05
10.992	0.499	7.12		-0.6129		202.5	0.0007092	6.3E-05
10.992	0.499	7.12		-0.6129		217.5	0.0006019	5.8E-05
10.992	0.499	7.12		-0.6129		232.5	0.0007285	6.3E-05
10.992	0.499	7.12		-0.6129		247.5	0.0007213	6.5E-05
10.992	0.499	7.12		-0.6129		262.5	0.0008205	7E-05
10.992	0.499	7.12		-0.6129		277.5	0.0008987	7.3E-05
10.992	0.499	7.12		-0.6129		292.5	0.0008759	7.8E-05
10.992	0.499	7.12		-0.6129		307.5	0.001322	0.00011
10.992	0.499	7.12		-0.6129		322.5	0.001193	0.00016
10.992	0.499	7.12		-0.6129		337.5	0.001133	0.00024
10.992	0.499	7.12		-0.6129		352.5	0.001799	0.00039
10.992	0.499	7.11		-0.6979		7.5	0.002399	0.001
10.992	0.499	7.11		-0.6979		22.5	0.001473	0.00055
10.992	0.499	7.11		-0.6979		37.5	0.0009287	0.00027
10.992	0.499	7.11		-0.6979		52.5	0.0007438	0.00012
10.992	0.499	7.11		-0.6979		67.5	0.0007424	7.5E-05
10.992	0.499	7.11		-0.6979		82.5	0.0007025	6.6E-05
10.992	0.499	7.11		-0.6979		97.5	0.000709	6.4E-05
10.992	0.499	7.11		-0.6979		112.5	0.000567	5.6E-05
10.992	0.499	7.11		-0.6979		127.5	0.0005288	5.3E-05
10.992	0.499	7.11		-0.6979		142.5	0.0004345	4.8E-05
10.992	0.499	7.11		-0.6979		157.5	0.0004641	5E-05
10.992	0.499	7.11		-0.6979		172.5	0.0004638	5.1E-05
10.992	0.499	7.11		-0.6979		187.5	0.0004555	5.3E-05
10.992	0.499	7.11		-0.6979		202.5	0.0004599	5.5E-05
10.992	0.499	7.11		-0.6979		217.5	0.000526	5.7E-05
10.992	0.499	7.11		-0.6979		232.5	0.0006364	6.2E-05
10.992	0.499	7.11		-0.6979		247.5	0.0005964	6.3E-05
10.992	0.499	7.11		-0.6979		262.5	0.000746	7.3E-05
10.992	0.499	7.11		-0.6979		277.5	0.0006759	6.8E-05
10.992	0.499	7.11		-0.6979		292.5	0.0008481	7.9E-05
10.992	0.499	7.11		-0.6979		307.5	0.001064	0.00013
10.992	0.499	7.11		-0.6979		322.5	0.001254	0.00024
10.992	0.499	7.11		-0.6979		337.5	0.0007722	0.0004
10.992	0.499	7.11		-0.6979		352.5	0.0008721	0.00064
10.992	0.498	7.1		-0.8556		7.5	0.005388	0.0055
10.992	0.498	7.1		-0.8556		22.5	0.001031	0.0014
10.992	0.498	7.1		-0.8556		37.5	0.0006858	0.00029
10.992	0.498	7.1		-0.8556		52.5	0.0005159	0.0001
10.992	0.498	7.1		-0.8556		67.5	0.0005674	5.1E-05
10.992	0.498	7.1		-0.8556		82.5	0.0005326	4E-05
10.992	0.498	7.1		-0.8556		97.5	0.0004169	3.5E-05
10.992	0.498	7.1		-0.8556		112.5	0.0003239	2.8E-05
10.992	0.498	7.1		-0.8556		127.5	0.0002908	2.5E-05
10.992	0.498	7.1		-0.8556		142.5	0.0003206	2.6E-05
10.992	0.498	7.1		-0.8556		157.5	0.0003158	2.7E-05
10.992	0.498	7.1		-0.8556		172.5	0.0003473	2.9E-05
10.992	0.498	7.1		-0.8556		187.5	0.0003616	3.2E-05
10.992	0.498	7.1		-0.8556		202.5	0.0003837	3.1E-05
10.992	0.498	7.1		-0.8556		217.5	0.0003497	2.8E-05
10.992	0.498	7.1		-0.8556		232.5	0.0004064	3E-05
10.992	0.498	7.1		-0.8556		247.5	0.0004535	3.4E-05
10.992	0.498	7.1		-0.8556		262.5	0.0005309	3.9E-05
10.992	0.498	7.1		-0.8556		277.5	0.0004955	4.1E-05
10.992	0.498	7.1		-0.8556		292.5	0.000548	5E-05
10.992	0.498	7.1		-0.8556		307.5	0.0006207	9.8E-05
10.992	0.498	7.1		-0.8556		322.5	0.0005159	0.00025
10.992	0.498	7.1		-0.8556		337.5	0.001054	0.0013
10.992	0.498	7.1		-0.8556		352.5	-0.000108	0.00067
8.521	0.61	5.6		-0.7645		7.5	0.0007155	3.9E-05
8.521	0.61	5.6		-0.7645		22.5	0.0007121	3.8E-05
8.521	0.61	5.6		-0.7645		37.5	0.0006419	3.7E-05
8.521	0.61	5.6		-0.7645		52.5	0.0006382	3.7E-05
8.521	0.61	5.6		-0.7645		67.5	0.000676	3.7E-05
8.521	0.61	5.6		-0.7645		82.5	0.0006323	3.6E-05
8.521	0.61	5.6		-0.7645		97.5	0.0005867	3.5E-05
8.521	0.61	5.6		-0.7645		112.5	0.0005591	3.5E-05
8.521	0.61	5.6		-0.7645		127.5	0.0005744	3.5E-05
8.521	0.61	5.6		-0.7645		142.5	0.000547	3.5E-05
8.521	0.61	5.6		-0.7645		157.5	0.0005529	3.5E-05
8.521	0.61	5.6		-0.7645		172.5	0.0005559	3.5E-05
8.521	0.61	5.6		-0.7645		187.5	0.0005809	3.6E-05
8.521	0.61	5.6		-0.7645		202.5	0.0005696	3.6E-05
8.521	0.61	5.6		-0.7645		217.5	0.0005636	3.7E-05
8.521	0.61	5.6		-0.7645		232.5	0.0005765	3.8E-05
8.521	0.61	5.6		-0.7645		247.5	0.000608	3.8E-05
8.521	0.61	5.6		-0.7645		262.5	0.0007079	4E-05
8.521	0.61	5.6		-0.7645		277.5	0.000652	3.8E-05
8.521	0.61	5.6		-0.7645		292.5	0.0006813	3.8E-05
8.521	0.61	5.6		-0.7645		307.5	0.0007523	3.9E-05
8.521	0.61	5.6		-0.7645		322.5	0.0007267	3.8E-05
8.521	0.61	5.6		-0.7645		337.5	0.0007608	3.9E-05
8.521	0.61	5.6		-0.7645		352.5	0.0007432	4E-05
8.521	0.612	5.62		-0.9042		7.5	0.000514	4.2E-05
8.521	0.612	5.62		-0.9042		22.5	0.0004966	3.9E-05
8.521	0.612	5.62		-0.9042		37.5	0.0004953	3.6E-05
8.521	0.612	5.62		-0.9042		52.5	0.0005275	3.5E-05
8.521	0.612	5.62		-0.9042		67.5	0.0004898	3.4E-05
8.521	0.612	5.62		-0.9042		82.5	0.0005315	3.5E-05
8.521	0.612	5.62		-0.9042		97.5	0.0004362	3.3E-05
8.521	0.612	5.62		-0.9042		112.5	0.0004134	3.2E-05
8.521	0.612	5.62		-0.9042		127.5	0.0003944	3.2E-05
8.521	0.612	5.62		-0.9042		142.5	0.000393	3.2E-05
8.521	0.612	5.62		-0.9042		157.5	0.0004315	3.3E-05
8.521	0.612	5.62		-0.9042		172.5	0.0003504	3.2E-05
8.521	0.612	5.62		-0.9042		187.5	0.0003992	3.4E-05
8.521	0.612	5.62		-0.9042		202.5	0.000437	3.5E-05
8.521	0.612	5.62		-0.9042		217.5	0.0004456	3.6E-05
8.521	0.612	5.62		-0.9042		232.5	0.0004976	3.9E-05
8.521	0.612	5.62		-0.9042		247.5	0.0005488	4.1E-05
8.521	0.612	5.62		-0.9042		262.5	0.0005585	4.1E-05
8.521	0.612	5.62		-0.9042		277.5	0.0005399	3.8E-05
8.521	0.612	5.62		-0.9042		292.5	0.000591	3.9E-05
8.521	0.612	5.62		-0.9042		307.5	0.0005763	3.7E-05
8.521	0.612	5.62		-0.9042		322.5	0.0005928	3.7E-05
8.521	0.612	5.62		-0.9042		337.5	0.0006086	4.1E-05
8.521	0.612	5.62		-0.9042		352.5	0.0005491	4.3E-05
8.521	0.615	5.64		-1.0482		7.5	0.0004826	7E-05
8.521	0.615	5.64		-1.0482		22.5	0.0003715	5.2E-05
8.521	0.615	5.64		-1.0482		37.5	0.0003867	4.2E-05
8.521	0.615	5.64		-1.0482		52.5	0.0003772	3.5E-05
8.521	0.615	5.64		-1.0482		67.5	0.0004552	3.5E-05
8.521	0.615	5.64		-1.0482		82.5	0.0003932	3.4E-05
8.521	0.615	5.64		-1.0482		97.5	0.0004106	3.4E-05
8.521	0.615	5.64		-1.0482		112.5	0.000377	3.3E-05
8.521	0.615	5.64		-1.0482		127.5	0.000354	3.2E-05
8.521	0.615	5.64		-1.0482		142.5	0.0003555	3.2E-05
8.521	0.615	5.64		-1.0482		157.5	0.0003577	3.2E-05
8.521	0.615	5.64		-1.0482		172.5	0.0003494	3.4E-05
8.521	0.615	5.64		-1.0482		187.5	0.000404	3.6E-05
8.521	0.615	5.64		-1.0482		202.5	0.0003951	3.6E-05
8.521	0.615	5.64		-1.0482		217.5	0.0004394	3.8E-05
8.521	0.615	5.64		-1.0482		232.5	0.0004874	4E-05
8.521	0.615	5.64		-1.0482		247.5	0.0004739	4.2E-05
8.521	0.615	5.64		-1.0482		262.5	0.0004689	4.2E-05
8.521	0.615	5.64		-1.0482		277.5	0.0005031	4.1E-05
8.521	0.615	5.64		-1.0482		292.5	0.0004212	3.7E-05
8.521	0.615	5.64		-1.0482		307.5	0.0004439	3.7E-05
8.521	0.615	5.64		-1.0482		322.5	0.0003994	4.3E-05
8.521	0.615	5.64		-1.0482		337.5	0.0004696	5.5E-05
8.521	0.615	5.64		-1.0482		352.5	0.0005107	7E-05
8.521	0.617	5.65		-1.1896		7.5	0.0002677	0.00013
8.521	0.617	5.65		-1.1896		22.5	0.0003154	8.8E-05
8.521	0.617	5.65		-1.1896		37.5	0.0003925	5.6E-05
8.521	0.617	5.65		-1.1896		52.5	0.0003671	4E-05
8.521	0.617	5.65		-1.1896		67.5	0.000248	3.3E-05
8.521	0.617	5.65		-1.1896		82.5	0.0002746	3.3E-05
8.521	0.617	5.65		-1.1896		97.5	0.0003024	3.2E-05
8.521	0.617	5.65		-1.1896		112.5	0.0002828	3.1E-05
8.521	0.617	5.65		-1.1896		127.5	0.0002747	3E-05
8.521	0.617	5.65		-1.1896		142.5	0.0003295	3.3E-05
8.521	0.617	5.65		-1.1896		157.5	0.000331	3.4E-05
8.521	0.617	5.65		-1.1896		172.5	0.0003805	3.6E-05
8.521	0.617	5.65		-1.1896		187.5	0.0003425	3.6E-05
8.521	0.617	5.65		-1.1896		202.5	0.0003202	3.6E-05
8.521	0.617	5.65		-1.1896		217.5	0.0004244	3.9E-05
8.521	0.617	5.65		-1.1896		232.5	0.0003812	3.8E-05
8.521	0.617	5.65		-1.1896		247.5	0.0003737	4.1E-05
8.521	0.617	5.65		-1.1896		262.5	0.0004405	4.3E-05
8.521	0.617	5.65		-1.1896		277.5	0.0004216	4E-05
8.521	0.617	5.65		-1.1896		292.5	0.0004073	3.9E-05
8.521	0.617	5.65		-1.1896		307.5	0.0003839	4.2E-05
8.521	0.617	5.65		-1.1896		322.5	0.000382	5.3E-05
8.521	0.617	5.65		-1.1896		337.5	0.0003353	8.9E-05
8.521	0.617	5.65		-1.1896		352.5	0.0005348	0.00014
8.521	0.616	5.66		-1.3732		7.5	0.0008399	0.00036
8.521	0.616	5.66		-1.3732		22.5	0.0004886	0.00016
8.521	0.616	5.66		-1.3732		37.5	0.0002314	6.4E-05
8.521	0.616	5.66		-1.3732		52.5	0.0001945	3.8E-05
8.521	0.616	5.66		-1.3732		67.5	0.0002864	3.2E-05
8.521	0.616	5.66		-1.3732		82.5	0.0002888	2.9E-05
8.521	0.616	5.66		-1.3732		97.5	0.0002559	2.7E-05
8.521	0.616	5.66		-1.3732		112.5	0.0002295	2.4E-05
8.521	0.616	5.66		-1.3732		127.5	0.0002248	2.4E-05
8.521	0.616	5.66		-1.3732		142.5	0.0003119	2.7E-05
8.521	0.616	5.66		-1.3732		157.5	0.0003319	2.9E-05
8.521	0.616	5.66		-1.3732		172.5	0.0003472	3E-05
8.521	0.616	5.66		-1.3732		187.5	0.0002952	2.8E-05
8.521	0.616	5.66		-1.3732		202.5	0.0002977	2.8E-05
8.521	0.616	5.66		-1.3732		217.5	0.0003541	2.8E-05
8.521	0.616	5.66		-1.3732		232.5	0.000306	2.8E-05
8.521	0.616	5.66		-1.3732		247.5	0.0003789	3.2E-05
8.521	0.616	5.66		-1.3732		262.5	0.0003572	3.5E-05
8.521	0.616	5.66		-1.3732		277.5	0.0003524	3.4E-05
8.521	0.616	5.66		-1.3732		292.5	0.00032	3.3E-05
8.521	0.616	5.66		-1.3732		307.5	0.0003193	4.2E-05
8.521	0.616	5.66		-1.3732		322.5	0.0002436	7E-05
8.521	0.616	5.66		-1.3732		337.5	0.000376	0.00016
8.521	0.616	5.66		-1.3732		352.5	0.0003751	0.00038
10.591	0.608	8.44		-0.7911		7.5	0.000382	2E-05
10.591	0.608	8.44		-0.7911		22.5	0.0003853	2E-05
10.591	0.608	8.44		-0.7911		37.5	0.0003331	1.8E-05
10.591	0.608	8.44		-0.7911		52.5	0.000371	1.9E-05
10.591	0.608	8.44		-0.7911		67.5	0.0003571	1.8E-05
10.591	0.608	8.44		-0.7911		82.5	0.0003348	1.8E-05
10.591	0.608	8.44		-0.7911		97.5	0.0003225	1.7E-05
10.591	0.608	8.44		-0.7911		112.5	0.0003103	1.7E-05
10.591	0.608	8.44		-0.7911		127.5	0.0002737	1.6E-05
10.591	0.608	8.44		-0.7911		142.5	0.00028	1.7E-05
10.591	0.608	8.44		-0.7911		157.5	0.0002844	1.6E-05
10.591	0.608	8.44		-0.7911		172.5	0.00028	1.6E-05
10.591	0.608	8.44		-0.7911		187.5	0.0002656	1.6E-05
10.591	0.608	8.44		-0.7911		202.5	0.0002899	1.6E-05
10.591	0.608	8.44		-0.7911		217.5	0.0003126	1.7E-05
10.591	0.608	8.44		-0.7911		232.5	0.0003196	1.7E-05
10.591	0.608	8.44		-0.7911		247.5	0.0003286	1.8E-05
10.591	0.608	8.44		-0.7911		262.5	0.000321	1.8E-05
10.591	0.608	8.44		-0.7911		277.5	0.0003278	1.8E-05
10.591	0.608	8.44		-0.7911		292.5	0.0003811	1.9E-05
10.591	0.608	8.44		-0.7911		307.5	0.0003805	1.9E-05
10.591	0.608	8.44		-0.7911		322.5	0.0004137	2E-05
10.591	0.608	8.44		-0.7911		337.5	0.000377	2E-05
10.591	0.608	8.44		-0.7911		352.5	0.0003934	2E-05
10.591	0.609	8.45		-0.9120		7.5	0.0003421	2.3E-05
10.591	0.609	8.45		-0.9120		22.5	0.0003046	2.1E-05
10.591	0.609	8.45		-0.9120		37.5	0.000284	1.9E-05
10.591	0.609	8.45		-0.9120		52.5	0.0002834	1.8E-05
10.591	0.609	8.45		-0.9120		67.5	0.0002668	1.7E-05
10.591	0.609	8.45		-0.9120		82.5	0.0002592	1.6E-05
10.591	0.609	8.45		-0.9120		97.5	0.0002263	1.5E-05
10.591	0.609	8.45		-0.9120		112.5	0.0001895	1.4E-05
10.591	0.609	8.45		-0.9120		127.5	0.0002055	1.4E-05
10.591	0.609	8.45		-0.9120		142.5	0.0001964	1.4E-05
10.591	0.609	8.45		-0.9120		157.5	0.0002096	1.4E-05
10.591	0.609	8.45		-0.9120		172.5	0.0001754	1.4E-05
10.591	0.609	8.45		-0.9120		187.5	0.0001887	1.4E-05
10.591	0.609	8.45		-0.9120		202.5	0.0002079	1.5E-05
10.591	0.609	8.45		-0.9120		217.5	0.0001865	1.4E-05
10.591	0.609	8.45		-0.9120		232.5	0.000218	1.6E-05
10.591	0.609	8.45		-0.9120		247.5	0.0002657	1.7E-05
10.591	0.609	8.45		-0.9120		262.5	0.0002847	1.7E-05
10.591	0.609	8.45		-0.9120		277.5	0.0002565	1.6E-05
10.591	0.609	8.45		-0.9120		292.5	0.0002866	1.8E-05
10.591	0.609	8.45		-0.9120		307.5	0.0003094	1.8E-05
10.591	0.609	8.45		-0.9120		322.5	0.0003201	1.9E-05
10.591	0.609	8.45		-0.9120		337.5	0.0003624	2.1E-05
10.591	0.609	8.45		-0.9120		352.5	0.0003404	2.3E-05
10.591	0.611	8.48		-1.0371		7.5	0.0003062	3.6E-05
10.591	0.611	8.48		-1.0371		22.5	0.0002535	2.8E-05
10.591	0.611	8.48		-1.0371		37.5	0.0002307	2.2E-05
10.591	0.611	8.48		-1.0371		52.5	0.0001934	1.7E-05
10.591	0.611	8.48		-1.0371		67.5	0.0002056	1.6E-05
10.591	0.611	8.48		-1.0371		82.5	0.0001646	1.4E-05
10.591	0.611	8.48		-1.0371		97.5	0.0001852	1.4E-05
10.591	0.611	8.48		-1.0371		112.5	0.0001497	1.3E-05
10.591	0.611	8.48		-1.0371		127.5	0.0001365	1.2E-05
10.591	0.611	8.48		-1.0371		142.5	0.000157	1.3E-05
10.591	0.611	8.48		-1.0371		157.5	0.0001338	1.2E-05
10.591	0.611	8.48		-1.0371		172.5	0.000142	1.3E-05
10.591	0.611	8.48		-1.0371		187.5	0.0001493	1.3E-05
10.591	0.611	8.48		-1.0371		202.5	0.0001397	1.3E-05
10.591	0.611	8.48		-1.0371		217.5	0.000172	1.4E-05
10.591	0.611	8.48		-1.0371		232.5	0.000186	1.5E-05
10.591	0.611	8.48		-1.0371		247.5	0.0002107	1.5E-05
10.591	0.611	8.48		-1.0371		262.5	0.0002082	1.6E-05
10.591	0.611	8.48		-1.0371		277.5	0.0001992	1.5E-05
10.591	0.611	8.48		-1.0371		292.5	0.0002317	1.6E-05
10.591	0.611	8.48		-1.0371		307.5	0.0002503	1.7E-05
10.591	0.611	8.48		-1.0371		322.5	0.000219	1.9E-05
10.591	0.611	8.48		-1.0371		337.5	0.0002309	2.6E-05
10.591	0.611	8.48		-1.0371		352.5	0.0002268	3.2E-05
10.591	0.613	8.5		-1.1631		7.5	0.0003137	7E-05
10.591	0.613	8.5		-1.1631		22.5	0.0002066	4.6E-05
10.591	0.613	8.5		-1.1631		37.5	0.0001853	2.8E-05
10.591	0.613	8.5		-1.1631		52.5	0.0001312	1.7E-05
10.591	0.613	8.5		-1.1631		67.5	0.0001514	1.5E-05
10.591	0.613	8.5		-1.1631		82.5	0.0001602	1.5E-05
10.591	0.613	8.5		-1.1631		97.5	0.0001387	1.3E-05
10.591	0.613	8.5		-1.1631		112.5	0.0001399	1.3E-05
10.591	0.613	8.5		-1.1631		127.5	0.0001227	1.2E-05
10.591	0.613	8.5		-1.1631		142.5	0.0001198	1.2E-05
10.591	0.613	8.5		-1.1631		157.5	0.000122	1.2E-05
10.591	0.613	8.5		-1.1631		172.5	0.0001167	1.2E-05
10.591	0.613	8.5		-1.1631		187.5	0.000106	1.2E-05
10.591	0.613	8.5		-1.1631		202.5	0.0001248	1.3E-05
10.591	0.613	8.5		-1.1631		217.5	0.0001434	1.4E-05
10.591	0.613	8.5		-1.1631		232.5	0.0001653	1.5E-05
10.591	0.613	8.5		-1.1631		247.5	0.0001469	1.4E-05
10.591	0.613	8.5		-1.1631		262.5	0.0001319	1.4E-05
10.591	0.613	8.5		-1.1631		277.5	0.0001622	1.5E-05
10.591	0.613	8.5		-1.1631		292.5	0.0001804	1.6E-05
10.591	0.613	8.5		-1.1631		307.5	0.0001926	1.8E-05
10.591	0.613	8.5		-1.1631		322.5	0.0001496	2.4E-05
10.591	0.613	8.5		-1.1631		337.5	0.00021	4.6E-05
10.591	0.613	8.5		-1.1631		352.5	0.0001509	6.5E-05
10.591	0.613	8.51		-1.3282		7.5	0.0002802	0.00014
10.591	0.613	8.51		-1.3282		22.5	0.0001386	7.2E-05
10.591	0.613	8.51		-1.3282		37.5	0.0001359	2.9E-05
10.591	0.613	8.51		-1.3282		52.5	0.0001328	1.7E-05
10.591	0.613	8.51		-1.3282		67.5	0.0001275	1.4E-05
10.591	0.613	8.51		-1.3282		82.5	0.0001201	1.2E-05
10.591	0.613	8.51		-1.3282		97.5	0.0001159	1.1E-05
10.591	0.613	8.51		-1.3282		112.5	0.0001073	9.7E-06
10.591	0.613	8.51		-1.3282		127.5	8.223E-05	8.2E-06
10.591	0.613	8.51		-1.3282		142.5	8.638E-05	8.3E-06
10.591	0.613	8.51		-1.3282		157.5	9.842E-05	9.1E-06
10.591	0.613	8.51		-1.3282		172.5	0.0001099	9.9E-06
10.591	0.613	8.51		-1.3282		187.5	9.18E-05	9.5E-06
10.591	0.613	8.51		-1.3282		202.5	9.419E-05	9.1E-06
10.591	0.613	8.51		-1.3282		217.5	0.0001065	9E-06
10.591	0.613	8.51		-1.3282		232.5	0.0001098	9.5E-06
10.591	0.613	8.51		-1.3282		247.5	0.0001349	1.1E-05
10.591	0.613	8.51		-1.3282		262.5	0.000122	1.1E-05
10.591	0.613	8.51		-1.3282		277.5	0.0001422	1.2E-05
10.591	0.613	8.51		-1.3282		292.5	0.0001338	1.4E-05
10.591	0.613	8.51		-1.3282		307.5	0.000129	1.8E-05
10.591	0.613	8.51		-1.3282		322.5	0.0001614	3.1E-05
10.591	0.613	8.51		-1.3282		337.5	0.0001278	6.3E-05
10.591	0.613	8.51		-1.3282		352.5	0.0001889	0.00017
