id = 213
editor = KK

### Experiment

collaboration = H1ZEUS
process = dis
exptype = collider
year = 2015
reference = arXiv:1506.06042
reference2 = Table10
#  Data is downloaded from
#  https://www.hepdata.net/record/ins416819
#  as CSV and processed with Python Pandas.
#  Some checking should still be done, this was done
#  fast because of referee requirement, only for
#  plotting, not for numerics.

### Scattering Process

in1particle = e+
in1energy = 27.5
in1energyunit = GeV

in2particle = p
in2energy = 920
in2energyunit = GeV

### Observable 

y1name = DISF2
y1namelong = "positron reduced DIS cross-section ~ F2 for low y"
y1unit = 1
y1value = column3
y1error = column4


### x-axes
x1name = Q2
x1unit = GeV^2
x1value = column1

x2name = xB
x2unit = 1
x2value = column2


### Data
#  Error is absolute, obtained
#  by adding all stat and syst errors in quadrature
#  (agrees with last column of table 10).
# Q2       xB        F2     err
######################################
0.15   0.0000050   0.185   0.0104
0.2   0.0000067   0.227   0.0061
0.2   0.0000085   0.223   0.0068
0.2   0.0000110   0.208   0.0091
0.2   0.0000398   0.211   0.0436
0.2   0.0002510   0.18   0.0276
0.25   0.0000084   0.265   0.0077
0.25   0.0000106   0.26   0.0070
0.25   0.0000138   0.249   0.0068
0.25   0.0000230   0.243   0.0096
0.25   0.0000398   0.236   0.0112
0.25   0.0001100   0.199   0.0100
0.25   0.0002510   0.196   0.0102
0.25   0.0003940   0.194   0.0116
0.25   0.0015800   0.198   0.0250
0.35   0.0000051   0.436   0.1120
0.35   0.0000100   0.345   0.0099
0.35   0.0000127   0.324   0.0091
0.35   0.0000165   0.313   0.0086
0.35   0.0000320   0.296   0.0122
0.35   0.0000662   0.282   0.0105
0.35   0.0001300   0.257   0.0090
0.35   0.0002200   0.24   0.0093
0.35   0.0005000   0.24   0.0091
0.35   0.0025100   0.201   0.0224
0.4   0.0000133   0.355   0.0121
0.4   0.0000170   0.354   0.0105
0.4   0.0000220   0.334   0.0097
0.4   0.0000368   0.33   0.0138
0.4   0.0000883   0.32   0.0118
0.4   0.0001760   0.287   0.0107
0.4   0.0002940   0.277   0.0105
0.4   0.0006310   0.26   0.0105
0.5   0.0000073   0.428   0.0430
0.5   0.0000158   0.426   0.0202
0.5   0.0000212   0.39   0.0127
0.5   0.0000276   0.377   0.0119
0.5   0.0000398   0.364   0.0160
0.5   0.0001000   0.348   0.0104
0.5   0.0002510   0.308   0.0089
0.5   0.0003680   0.3   0.0096
0.5   0.0008000   0.287   0.0089
0.5   0.0032000   0.182   0.0239
0.65   0.0000095   0.464   0.0290
0.65   0.0000158   0.462   0.0300
0.65   0.0000398   0.472   0.0187
0.65   0.0000598   0.416   0.0213
0.65   0.0001000   0.409   0.0156
0.65   0.0002510   0.361   0.0123
0.65   0.0004780   0.332   0.0121
0.65   0.0008000   0.318   0.0101
0.65   0.0032000   0.224   0.0153
0.85   0.0000124   0.552   0.0263
0.85   0.0000200   0.611   0.0365
0.85   0.0000398   0.558   0.0196
0.85   0.0000500   0.541   0.0321
0.85   0.0001000   0.503   0.0309
0.85   0.0002510   0.397   0.0287
0.85   0.0008000   0.349   0.0197
0.85   0.0032000   0.308   0.0170
1.2   0.0000176   0.592   0.0269
1.2   0.0000200   0.667   0.0265
1.2   0.0000320   0.685   0.0241
1.2   0.0000631   0.649   0.0171
1.2   0.0000800   0.595   0.0191
1.2   0.0001300   0.543   0.0315
1.2   0.0001580   0.533   0.0151
1.2   0.0003980   0.493   0.0215
1.2   0.0013000   0.372   0.0176
1.2   0.0050000   0.298   0.0165
1.5   0.0000185   0.619   0.0738
1.5   0.0000220   0.696   0.0219
1.5   0.0000320   0.753   0.0229
1.5   0.0000500   0.76   0.0204
1.5   0.0000800   0.699   0.0206
1.5   0.0001300   0.646   0.0218
1.5   0.0002000   0.612   0.0245
1.5   0.0003200   0.577   0.0192
1.5   0.0005000   0.547   0.0424
1.5   0.0008000   0.49   0.0185
1.5   0.0010000   0.462   0.0306
1.5   0.0032000   0.41   0.0144
1.5   0.0130000   0.324   0.0229
2.0   0.0000247   0.781   0.0654
2.0   0.0000293   0.788   0.0218
2.0   0.0000500   0.823   0.0222
2.0   0.0000800   0.762   0.0157
2.0   0.0001300   0.723   0.0154
2.0   0.0002000   0.679   0.0151
2.0   0.0003200   0.627   0.0155
2.0   0.0005000   0.575   0.0159
2.0   0.0010000   0.51   0.0123
2.0   0.0032000   0.426   0.0123
2.0   0.0130000   0.358   0.0199
2.7   0.0000309   0.845   0.0474
2.7   0.0000366   0.866   0.0303
2.7   0.0000409   0.937   0.0842
2.7   0.0000500   0.883   0.0220
2.7   0.0000800   0.889   0.0148
2.7   0.0001300   0.805   0.0117
2.7   0.0002000   0.781   0.0164
2.7   0.0003200   0.7   0.0145
2.7   0.0005000   0.645   0.0126
2.7   0.0008000   0.594   0.0136
2.7   0.0013000   0.567   0.0120
2.7   0.0020000   0.481   0.0150
2.7   0.0050000   0.453   0.0121
2.7   0.0200000   0.345   0.0317
3.5   0.0000406   0.806   0.0617
3.5   0.0000432   0.881   0.0640
3.5   0.0000460   0.965   0.0430
3.5   0.0000512   0.94   0.0379
3.5   0.0000531   0.88   0.0371
3.5   0.0000800   0.952   0.0213
3.5   0.0001300   0.918   0.0135
3.5   0.0002000   0.854   0.0125
3.5   0.0003200   0.791   0.0121
3.5   0.0005000   0.749   0.0132
3.5   0.0008000   0.659   0.0111
3.5   0.0013000   0.623   0.0123
3.5   0.0020000   0.568   0.0080
3.5   0.0080000   0.462   0.0086
4.5   0.0000522   0.916   0.0724
4.5   0.0000592   0.971   0.0413
4.5   0.0000618   0.97   0.0672
4.5   0.0000683   1.08   0.0333
4.5   0.0000732   1.019   0.0321
4.5   0.0000818   1.08   0.1693
4.5   0.0001300   1.02   0.0187
4.5   0.0002000   0.961   0.0153
4.5   0.0003200   0.893   0.0137
4.5   0.0005000   0.797   0.0129
4.5   0.0008000   0.72   0.0131
4.5   0.0013000   0.665   0.0128
4.5   0.0020000   0.615   0.0117
4.5   0.0032000   0.572   0.0103
4.5   0.0130000   0.43   0.0130
6.5   0.0000754   1.117   0.0855
6.5   0.0000803   1.085   0.0629
6.5   0.0000855   1.097   0.0457
6.5   0.0000951   1.084   0.0462
6.5   0.0000986   1.177   0.0383
6.5   0.0001300   1.113   0.0222
6.5   0.0002000   1.112   0.0164
6.5   0.0003200   1.001   0.0136
6.5   0.0005000   0.933   0.0157
6.5   0.0008000   0.849   0.0133
6.5   0.0013000   0.758   0.0123
6.5   0.0020000   0.695   0.0102
6.5   0.0032000   0.641   0.0110
6.5   0.0050000   0.579   0.0097
6.5   0.0130000   0.483   0.0140
6.5   0.0200000   0.498   0.0144
8.5   0.0000986   1.161   0.0467
8.5   0.0001050   1.183   0.0720
8.5   0.0001120   1.18   0.0476
8.5   0.0001240   1.259   0.0380
8.5   0.0001290   1.232   0.0347
8.5   0.0001390   1.257   0.0769
8.5   0.0002000   1.195   0.0222
8.5   0.0003200   1.107   0.0154
8.5   0.0005000   1.014   0.0156
8.5   0.0008000   0.931   0.0139
8.5   0.0013000   0.839   0.0130
8.5   0.0020000   0.769   0.0146
8.5   0.0032000   0.661   0.0131
8.5   0.0050000   0.632   0.0117
8.5   0.0200000   0.456   0.0135
10.0   0.0003200   1.138   0.0284
10.0   0.0005000   1.058   0.0248
10.0   0.0008000   0.977   0.0238
10.0   0.0013000   0.888   0.0237
10.0   0.0020000   0.802   0.0234
10.0   0.0050000   0.628   0.0111
10.0   0.0200000   0.513   0.0116
12.0   0.0001390   1.281   0.0469
12.0   0.0001610   1.34   0.0325
12.0   0.0001820   1.295   0.0357
12.0   0.0002000   1.294   0.0282
12.0   0.0003200   1.223   0.0172
12.0   0.0005000   1.145   0.0142
12.0   0.0008000   1.045   0.0131
12.0   0.0013000   0.935   0.0149
12.0   0.0020000   0.851   0.0139
12.0   0.0032000   0.754   0.0153
12.0   0.0050000   0.679   0.0124
12.0   0.0200000   0.49   0.0138
15.0   0.0001740   1.34   0.0560
15.0   0.0002000   1.386   0.0419
15.0   0.0002280   1.33   0.0420
15.0   0.0003200   1.313   0.0244
15.0   0.0005000   1.207   0.0150
15.0   0.0008000   1.105   0.0132
15.0   0.0013000   0.979   0.0122
15.0   0.0020000   0.868   0.0116
15.0   0.0032000   0.783   0.0105
15.0   0.0050000   0.713   0.0090
15.0   0.0080000   0.632   0.0080
15.0   0.0200000   0.529   0.0095
18.0   0.0002090   1.37   0.0580
18.0   0.0002370   1.379   0.0358
18.0   0.0002680   1.372   0.0278
18.0   0.0003280   1.383   0.0291
18.0   0.0005000   1.281   0.0184
18.0   0.0008000   1.155   0.0136
18.0   0.0013000   1.038   0.0124
18.0   0.0020000   0.94   0.0115
18.0   0.0032000   0.829   0.0103
18.0   0.0050000   0.744   0.0090
18.0   0.0080000   0.664   0.0084
18.0   0.0200000   0.536   0.0135
22.0   0.0002900   1.434   0.0442
22.0   0.0003200   1.431   0.0481
22.0   0.0003450   1.41   0.0321
22.0   0.0003880   1.393   0.0275
22.0   0.0005000   1.382   0.0268
22.0   0.0005920   1.327   0.0255
22.0   0.0008000   1.229   0.0201
22.0   0.0013000   1.057   0.0304
22.0   0.0020000   0.99   0.0212
22.0   0.0032000   0.9   0.0266
22.0   0.0050000   0.769   0.0210
22.0   0.0080000   0.656   0.0188
22.0   0.0130000   0.586   0.0172
22.0   0.0320000   0.519   0.0158
27.0   0.0003140   1.48   0.0702
27.0   0.0003550   1.441   0.0434
27.0   0.0004100   1.462   0.0377
27.0   0.0005000   1.411   0.0222
27.0   0.0008000   1.289   0.0157
27.0   0.0013000   1.154   0.0141
27.0   0.0020000   1.044   0.0127
27.0   0.0032000   0.913   0.0114
27.0   0.0050000   0.8   0.0100
27.0   0.0080000   0.707   0.0088
27.0   0.0130000   0.635   0.0084
27.0   0.0200000   0.576   0.0102
27.0   0.0320000   0.527   0.0134
35.0   0.0004600   1.427   0.0364
35.0   0.0005000   1.472   0.0387
35.0   0.0005310   1.44   0.0265
35.0   0.0006160   1.458   0.0293
35.0   0.0006570   1.433   0.0265
35.0   0.0008000   1.386   0.0180
35.0   0.0010000   1.312   0.0218
35.0   0.0013000   1.222   0.0140
35.0   0.0020000   1.099   0.0129
35.0   0.0032000   0.963   0.0114
35.0   0.0050000   0.851   0.0102
35.0   0.0080000   0.746   0.0093
35.0   0.0130000   0.661   0.0084
35.0   0.0200000   0.591   0.0087
35.0   0.0320000   0.517   0.0100
35.0   0.0800000   0.448   0.0232
45.0   0.0005900   1.468   0.0533
45.0   0.0006340   1.451   0.0321
45.0   0.0007000   1.485   0.0412
45.0   0.0008000   1.46   0.0215
45.0   0.0009200   1.388   0.0278
45.0   0.0011000   1.371   0.0254
45.0   0.0013000   1.294   0.0157
45.0   0.0020000   1.152   0.0132
45.0   0.0032000   1.005   0.0118
45.0   0.0050000   0.896   0.0107
45.0   0.0080000   0.78   0.0093
45.0   0.0130000   0.679   0.0088
45.0   0.0200000   0.601   0.0080
45.0   0.0320000   0.533   0.0096
45.0   0.0500000   0.485   0.0127
60.0   0.0008000   1.47   0.0304
60.0   0.0008600   1.546   0.0479
60.0   0.0009400   1.525   0.0476
60.0   0.0011000   1.459   0.0350
60.0   0.0013000   1.391   0.0190
60.0   0.0015000   1.317   0.0268
60.0   0.0020000   1.234   0.0139
60.0   0.0032000   1.077   0.0120
60.0   0.0050000   0.932   0.0108
60.0   0.0080000   0.819   0.0107
60.0   0.0130000   0.705   0.0095
60.0   0.0200000   0.631   0.0091
60.0   0.0320000   0.552   0.0085
60.0   0.0500000   0.509   0.0114
60.0   0.1300000   0.395   0.0226
70.0   0.0009220   1.385   0.0885
70.0   0.0010000   1.434   0.0516
70.0   0.0011000   1.506   0.0472
70.0   0.0012400   1.445   0.0385
70.0   0.0013000   1.414   0.0334
70.0   0.0020000   1.246   0.0272
70.0   0.0025000   1.19   0.0217
70.0   0.0032000   1.084   0.0166
70.0   0.0050000   0.958   0.0145
70.0   0.0080000   0.819   0.0154
70.0   0.0130000   0.716   0.0163
70.0   0.0200000   0.637   0.0137
70.0   0.0320000   0.561   0.0138
70.0   0.0500000   0.512   0.0116
90.0   0.0013000   1.479   0.0277
90.0   0.0015000   1.418   0.0364
90.0   0.0020000   1.328   0.0209
90.0   0.0032000   1.165   0.0150
90.0   0.0050000   1.023   0.0131
90.0   0.0080000   0.883   0.0121
90.0   0.0130000   0.754   0.0111
90.0   0.0200000   0.649   0.0095
90.0   0.0320000   0.557   0.0086
90.0   0.0500000   0.488   0.0089
90.0   0.0800000   0.436   0.0085
90.0   0.1800000   0.343   0.0176
120.0   0.0016000   1.41   0.0261
120.0   0.0017200   1.444   0.0607
120.0   0.0018800   1.413   0.0521
120.0   0.0020000   1.361   0.0230
120.0   0.0021200   1.386   0.0425
120.0   0.0027000   1.246   0.0371
120.0   0.0032000   1.208   0.0146
120.0   0.0050000   1.042   0.0152
120.0   0.0080000   0.893   0.0123
120.0   0.0130000   0.774   0.0125
120.0   0.0200000   0.666   0.0112
120.0   0.0320000   0.574   0.0101
120.0   0.0500000   0.486   0.0088
120.0   0.0800000   0.441   0.0093
120.0   0.1800000   0.332   0.0132
150.0   0.0020000   1.381   0.0272
150.0   0.0032000   1.235   0.0169
150.0   0.0050000   1.078   0.0134
150.0   0.0080000   0.927   0.0142
150.0   0.0130000   0.797   0.0160
150.0   0.0200000   0.687   0.0151
150.0   0.0320000   0.583   0.0140
150.0   0.0500000   0.509   0.0119
150.0   0.0800000   0.444   0.0101
150.0   0.1800000   0.324   0.0121
200.0   0.0026000   1.312   0.0276
200.0   0.0032000   1.248   0.0212
200.0   0.0050000   1.11   0.0129
200.0   0.0080000   0.948   0.0101
200.0   0.0130000   0.809   0.0084
200.0   0.0200000   0.701   0.0077
200.0   0.0320000   0.582   0.0068
200.0   0.0500000   0.52   0.0060
200.0   0.0800000   0.438   0.0050
200.0   0.1300000   0.362   0.0089
200.0   0.1800000   0.343   0.0054
200.0   0.2500000   0.278   0.0165
200.0   0.4000000   0.14   0.0104
250.0   0.0033000   1.28   0.0279
250.0   0.0050000   1.127   0.0155
250.0   0.0080000   0.952   0.0105
250.0   0.0130000   0.827   0.0091
250.0   0.0200000   0.707   0.0083
250.0   0.0320000   0.592   0.0074
250.0   0.0500000   0.519   0.0064
250.0   0.0800000   0.44   0.0051
250.0   0.1300000   0.367   0.0073
250.0   0.1800000   0.332   0.0053
250.0   0.2500000   0.267   0.0124
250.0   0.4000000   0.142   0.0088
300.0   0.0039000   1.218   0.0276
300.0   0.0050000   1.142   0.0208
300.0   0.0080000   0.969   0.0114
300.0   0.0130000   0.813   0.0091
300.0   0.0200000   0.703   0.0084
300.0   0.0320000   0.598   0.0079
300.0   0.0500000   0.507   0.0065
300.0   0.0800000   0.433   0.0054
300.0   0.1300000   0.371   0.0080
300.0   0.1800000   0.327   0.0046
300.0   0.2500000   0.268   0.0146
300.0   0.4000000   0.159   0.0066
400.0   0.0053000   1.181   0.0275
400.0   0.0080000   1.018   0.0140
400.0   0.0130000   0.844   0.0108
400.0   0.0200000   0.714   0.0093
400.0   0.0320000   0.602   0.0078
400.0   0.0500000   0.512   0.0067
400.0   0.0800000   0.436   0.0057
400.0   0.1300000   0.367   0.0051
400.0   0.1800000   0.32   0.0106
400.0   0.2500000   0.261   0.0048
400.0   0.4000000   0.16   0.0061
500.0   0.0066000   1.052   0.0256
500.0   0.0080000   0.998   0.0216
500.0   0.0130000   0.875   0.0147
500.0   0.0200000   0.741   0.0125
500.0   0.0320000   0.619   0.0106
500.0   0.0500000   0.533   0.0098
500.0   0.0800000   0.443   0.0082
500.0   0.1300000   0.377   0.0081
500.0   0.1800000   0.313   0.0078
500.0   0.2500000   0.261   0.0090
500.0   0.4000000   0.172   0.0152
650.0   0.0085000   1.0   0.0267
650.0   0.0130000   0.862   0.0128
650.0   0.0200000   0.746   0.0108
650.0   0.0320000   0.627   0.0093
650.0   0.0500000   0.52   0.0078
650.0   0.0800000   0.438   0.0067
650.0   0.1300000   0.362   0.0060
650.0   0.1800000   0.334   0.0088
650.0   0.2500000   0.248   0.0050
650.0   0.4000000   0.145   0.0067
650.0   0.6500000   0.023   0.0038
800.0   0.0105000   0.932   0.0281
800.0   0.0130000   0.844   0.0155
800.0   0.0200000   0.733   0.0122
800.0   0.0320000   0.627   0.0100
800.0   0.0500000   0.525   0.0082
800.0   0.0800000   0.458   0.0076
800.0   0.1300000   0.358   0.0065
800.0   0.1800000   0.331   0.0093
800.0   0.2500000   0.252   0.0054
800.0   0.4000000   0.132   0.0066
800.0   0.6500000   0.021   0.0031
1000.0   0.0130000   0.823   0.0262
1000.0   0.0200000   0.736   0.0169
1000.0   0.0320000   0.625   0.0140
1000.0   0.0500000   0.532   0.0129
1000.0   0.0800000   0.447   0.0108
1000.0   0.1300000   0.362   0.0107
1000.0   0.1800000   0.313   0.0095
1000.0   0.2500000   0.255   0.0090
1000.0   0.4000000   0.134   0.0079
1000.0   0.6500000   0.02   0.0033
1200.0   0.0140000   0.832   0.0240
1200.0   0.0200000   0.755   0.0147
1200.0   0.0320000   0.632   0.0113
1200.0   0.0500000   0.519   0.0084
1200.0   0.0800000   0.441   0.0073
1200.0   0.1300000   0.361   0.0064
1200.0   0.1800000   0.328   0.0112
1200.0   0.2500000   0.252   0.0050
1200.0   0.4000000   0.131   0.0040
1200.0   0.6500000   0.022   0.0036
1500.0   0.0200000   0.709   0.0193
1500.0   0.0320000   0.603   0.0135
1500.0   0.0500000   0.544   0.0102
1500.0   0.0800000   0.453   0.0087
1500.0   0.1300000   0.355   0.0082
1500.0   0.1800000   0.313   0.0073
1500.0   0.2500000   0.248   0.0067
1500.0   0.4000000   0.126   0.0051
1500.0   0.6500000   0.016   0.0018
2000.0   0.0219000   0.71   0.0458
2000.0   0.0320000   0.589   0.0164
2000.0   0.0500000   0.516   0.0125
2000.0   0.0800000   0.449   0.0098
2000.0   0.1300000   0.362   0.0094
2000.0   0.1800000   0.3   0.0082
2000.0   0.2500000   0.244   0.0075
2000.0   0.4000000   0.129   0.0055
2000.0   0.6500000   0.017   0.0021
3000.0   0.0320000   0.603   0.0261
3000.0   0.0500000   0.518   0.0131
3000.0   0.0800000   0.433   0.0109
3000.0   0.1300000   0.352   0.0097
3000.0   0.1800000   0.298   0.0091
3000.0   0.2500000   0.231   0.0075
3000.0   0.4000000   0.124   0.0054
3000.0   0.6500000   0.016   0.0015
5000.0   0.0547000   0.477   0.0271
5000.0   0.0800000   0.415   0.0111
5000.0   0.1300000   0.343   0.0110
5000.0   0.1800000   0.283   0.0091
5000.0   0.2500000   0.225   0.0084
5000.0   0.4000000   0.121   0.0057
5000.0   0.6500000   0.011   0.0016
8000.0   0.0875000   0.356   0.0336
8000.0   0.1300000   0.309   0.0127
8000.0   0.1800000   0.267   0.0120
8000.0   0.2500000   0.217   0.0115
8000.0   0.4000000   0.103   0.0067
8000.0   0.6500000   0.016   0.0019
12000.0   0.1300000   0.212   0.0436
12000.0   0.1800000   0.229   0.0144
12000.0   0.2500000   0.155   0.0122
12000.0   0.4000000   0.095   0.0086
12000.0   0.6500000   0.017   0.0032
20000.0   0.2500000   0.126   0.0150
20000.0   0.4000000   0.078   0.0128
20000.0   0.6500000   0.012   0.0042
30000.0   0.4000000   0.06   0.0150
30000.0   0.6500000   0.009   0.0063
